Column1,AQR,T4Q,31/12/17,31/12/16,31/12/15,31/12/14,31/12/13,31/12/12,31/12/11,31/12/10,31/12/09,31/12/08,CAGR
"Revenue","133,452","149,381","155,385","132,000","119,268","109,754","102,611","83,427","52,160","54,470","62,001","51,157","13.13%"
"YoY %","-10.66%","-3.86%","17.72%","10.68%","8.67%","6.96%","22.99%","59.94%","-4.24%","-12.15%","21.20%","-",""
"Horiz. %","260.87%","292.01%","303.74%","258.03%","233.14%","214.54%","200.58%","163.08%","101.96%","106.48%","121.20%","100.00%",""
"PBT","13,310","18,131","22,625","21,859","21,069","20,597","23,112","18,194","10,180","11,564","15,164","9,959","9.54%"
"YoY %","-26.59%","-19.86%","3.50%","3.75%","2.29%","-10.88%","27.03%","78.72%","-11.97%","-23.74%","52.26%","-",""
"Horiz. %","133.65%","182.06%","227.18%","219.49%","211.56%","206.82%","232.07%","182.69%","102.22%","116.12%","152.26%","100.00%",""
"Tax","-3,578","-3,820","-3,965","-3,910","-3,564","-3,397","-3,821","-2,963","-1,799","-2,252","-2,550","-1,898","8.52%"
"YoY %","6.34%","3.66%","-1.41%","-9.71%","-4.92%","11.10%","-28.96%","-64.70%","20.12%","11.69%","-34.35%","-",""
"Horiz. %","188.51%","201.26%","208.90%","206.01%","187.78%","178.98%","201.32%","156.11%","94.78%","118.65%","134.35%","100.00%",""
"NP","9,732","14,311","18,660","17,949","17,505","17,200","19,291","15,231","8,381","9,312","12,614","8,061","9.77%"
"YoY %","-32.00%","-23.31%","3.96%","2.54%","1.77%","-10.84%","26.66%","81.73%","-10.00%","-26.18%","56.48%","-",""
"Horiz. %","120.73%","177.53%","231.48%","222.66%","217.16%","213.37%","239.31%","188.95%","103.97%","115.52%","156.48%","100.00%",""
"NP to SH","9,816","14,329","18,717","18,279","18,090","17,414","19,359","15,376","8,507","9,322","12,614","8,061","9.81%"
"YoY %","-31.50%","-23.44%","2.40%","1.04%","3.88%","-10.05%","25.90%","80.75%","-8.74%","-26.10%","56.48%","-",""
"Horiz. %","121.77%","177.76%","232.19%","226.76%","224.41%","216.03%","240.16%","190.75%","105.53%","115.64%","156.48%","100.00%",""
"Tax Rate","26.88    %","21.07    %","17.52    %","17.89    %","16.92    %","16.49    %","16.53    %","16.29    %","17.67    %","19.47    %","16.82    %","19.06    %","-0.93%"
"YoY %","27.57%","20.26%","-2.07%","5.73%","2.61%","-0.24%","1.47%","-7.81%","-9.24%","15.76%","-11.75%","-",""
"Horiz. %","141.03%","110.55%","91.92%","93.86%","88.77%","86.52%","86.73%","85.47%","92.71%","102.15%","88.25%","100.00%",""
"Total Cost","123,720","135,070","136,725","114,051","101,763","92,554","83,320","68,196","43,779","45,158","49,387","43,096","13.68%"
"YoY %","-8.40%","-1.21%","19.88%","12.08%","9.95%","11.08%","22.18%","55.77%","-3.05%","-8.56%","14.60%","-",""
"Horiz. %","287.08%","313.42%","317.26%","264.64%","236.13%","214.76%","193.34%","158.24%","101.58%","104.78%","114.60%","100.00%",""
"Net Worth","145,996","145,996","148,429","136,263","121,736","99,473","85,958","72,257","62,352","61,470","60,299","52,111","12.33%"
"YoY %","0.00%","-1.64%","8.93%","11.93%","22.38%","15.72%","18.96%","15.89%","1.43%","1.94%","15.71%","-",""
"Horiz. %","280.16%","280.16%","284.83%","261.48%","233.61%","190.89%","164.95%","138.66%","119.65%","117.96%","115.71%","100.00%",""
"Div","-","0","-","4,866","4,869","4,864","4,870","7,298","6,093","7,418","7,420","4,960","-"
"YoY %","0.00%","0.00%","0.00%","-0.06%","0.11%","-0.12%","-33.27%","19.77%","-17.85%","-0.03%","49.58%","-",""
"Horiz. %","0.00%","0.00%","0.00%","98.10%","98.16%","98.06%","98.18%","147.13%","122.84%","149.54%","149.58%","100.00%",""
"Div Payout %","-     %","-     %","-     %","26.62    %","26.92    %","27.93    %","25.16    %","47.47    %","71.63    %","79.58    %","58.82    %","61.54    %","-"
"YoY %","0.00%","0.00%","0.00%","-1.11%","-3.62%","11.01%","-47.00%","-33.73%","-9.99%","35.29%","-4.42%","-",""
"Horiz. %","0.00%","0.00%","0.00%","43.26%","43.74%","45.39%","40.88%","77.14%","116.40%","129.31%","95.58%","100.00%",""
"Net Worth","145,996","145,996","148,429","136,263","121,736","99,473","85,958","72,257","62,352","61,470","60,299","52,111","12.33%"
"YoY %","0.00%","-1.64%","8.93%","11.93%","22.38%","15.72%","18.96%","15.89%","1.43%","1.94%","15.71%","-",""
"Horiz. %","280.16%","280.16%","284.83%","261.48%","233.61%","190.89%","164.95%","138.66%","119.65%","117.96%","115.71%","100.00%",""
"NOSH","486,654","486,654","243,327","243,327","243,472","243,212","243,509","243,291","243,753","247,267","247,333","248,030","-0.21%"
"YoY %","0.00%","100.00%","0.00%","-0.06%","0.11%","-0.12%","0.09%","-0.19%","-1.42%","-0.03%","-0.28%","-",""
"Horiz. %","196.21%","196.21%","98.10%","98.10%","98.16%","98.06%","98.18%","98.09%","98.28%","99.69%","99.72%","100.00%",""
"NP Margin","7.29    %","9.58    %","12.01    %","13.60    %","14.68    %","15.67    %","18.80    %","18.26    %","16.07    %","17.10    %","20.34    %","15.76    %","-2.97%"
"YoY %","-23.90%","-20.23%","-11.69%","-7.36%","-6.32%","-16.65%","2.96%","13.63%","-6.02%","-15.93%","29.06%","-",""
"Horiz. %","46.26%","60.79%","76.21%","86.29%","93.15%","99.43%","119.29%","115.86%","101.97%","108.50%","129.06%","100.00%",""
"ROE","6.72    %","9.81    %","12.61    %","13.41    %","14.86    %","17.51    %","22.52    %","21.28    %","13.64    %","15.16    %","20.92    %","15.47    %","-2.24%"
"YoY %","-31.50%","-22.20%","-5.97%","-9.76%","-15.13%","-22.25%","5.83%","56.01%","-10.03%","-27.53%","35.23%","-",""
"Horiz. %","43.44%","63.41%","81.51%","86.68%","96.06%","113.19%","145.57%","137.56%","88.17%","98.00%","135.23%","100.00%",""
"RPS","27.42","30.70","63.86","54.25","48.99","45.13","42.14","34.29","21.40","22.03","25.07","20.63","13.37%"
"YoY %","-10.68%","-51.93%","17.71%","10.74%","8.55%","7.10%","22.89%","60.23%","-2.86%","-12.13%","21.52%","-",""
"Horiz. %","132.91%","148.81%","309.55%","262.97%","237.47%","218.76%","204.27%","166.21%","103.73%","106.79%","121.52%","100.00%",""
"EPS","2.00","2.94","7.69","7.51","7.43","7.16","7.95","6.32","3.49","3.77","5.10","3.25","10.04%"
"YoY %","-31.97%","-61.77%","2.40%","1.08%","3.77%","-9.94%","25.79%","81.09%","-7.43%","-26.08%","56.92%","-",""
"Horiz. %","61.54%","90.46%","236.62%","231.08%","228.62%","220.31%","244.62%","194.46%","107.38%","116.00%","156.92%","100.00%",""
"DPS","0.00","0.00","0.00","2.00","2.00","2.00","2.00","3.00","2.50","3.00","3.00","2.00","-"
"YoY %","0.00%","0.00%","0.00%","0.00%","0.00%","0.00%","-33.33%","20.00%","-16.67%","0.00%","50.00%","-",""
"Horiz. %","0.00%","0.00%","0.00%","100.00%","100.00%","100.00%","100.00%","150.00%","125.00%","150.00%","150.00%","100.00%",""
"NAPS","0.3000","0.3000","0.6100","0.5600","0.5000","0.4090","0.3530","0.2970","0.2558","0.2486","0.2438","0.2101","12.56%"
"YoY %","0.00%","-50.82%","8.93%","12.00%","22.25%","15.86%","18.86%","16.11%","2.90%","1.97%","16.04%","-",""
"Horiz. %","142.79%","142.79%","290.34%","266.54%","237.98%","194.67%","168.02%","141.36%","121.75%","118.32%","116.04%","100.00%",""
"RPS","26.91","30.12","31.33","26.61","24.05","22.13","20.69","16.82","10.52","10.98","12.50","10.31","13.14%"
"YoY %","-10.66%","-3.86%","17.74%","10.64%","8.68%","6.96%","23.01%","59.89%","-4.19%","-12.16%","21.24%","-",""
"Horiz. %","261.01%","292.14%","303.88%","258.10%","233.27%","214.65%","200.68%","163.14%","102.04%","106.50%","121.24%","100.00%",""
"EPS","1.98","2.89","3.77","3.69","3.65","3.51","3.90","3.10","1.72","1.88","2.54","1.63","9.76%"
"YoY %","-31.49%","-23.34%","2.17%","1.10%","3.99%","-10.00%","25.81%","80.23%","-8.51%","-25.98%","55.83%","-",""
"Horiz. %","121.47%","177.30%","231.29%","226.38%","223.93%","215.34%","239.26%","190.18%","105.52%","115.34%","155.83%","100.00%",""
"DPS","0.00","0.00","0.00","0.98","0.98","0.98","0.98","1.47","1.23","1.50","1.50","1.00","-"
"YoY %","0.00%","0.00%","0.00%","0.00%","0.00%","0.00%","-33.33%","19.51%","-18.00%","0.00%","50.00%","-",""
"Horiz. %","0.00%","0.00%","0.00%","98.00%","98.00%","98.00%","98.00%","147.00%","123.00%","150.00%","150.00%","100.00%",""
"NAPS","0.2943","0.2943","0.2993","0.2747","0.2454","0.2006","0.1733","0.1457","0.1257","0.1239","0.1216","0.1051","12.32%"
"YoY %","0.00%","-1.67%","8.96%","11.94%","22.33%","15.75%","18.94%","15.91%","1.45%","1.89%","15.70%","-",""
"Horiz. %","280.02%","280.02%","284.78%","261.37%","233.49%","190.87%","164.89%","138.63%","119.60%","117.89%","115.70%","100.00%",""
"Date","AQR","T4Q","29/12/17","30/12/16","31/12/15","31/12/14","31/12/13","31/12/12","30/12/11","30/12/10","31/12/09","31/12/08","-"
"Price","0.5150","0.5150","1.1300","0.7550","0.7100","0.7500","0.6800","0.3400","0.3000","0.4000","0.3500","0.2300","-"
"P/RPS","1.88","1.68","1.77","1.39","1.45","1.66","1.61","0.99","1.40","1.82","1.40","1.12","5.21%"
"YoY %","11.90%","-5.08%","27.34%","-4.14%","-12.65%","3.11%","62.63%","-29.29%","-23.08%","30.00%","25.00%","-",""
"Horiz. %","167.86%","150.00%","158.04%","124.11%","129.46%","148.21%","143.75%","88.39%","125.00%","162.50%","125.00%","100.00%",""
"P/EPS","25.53","17.49","14.69","10.05","9.56","10.47","8.55","5.38","8.60","10.61","6.86","7.08","8.44%"
"YoY %","45.97%","19.06%","46.17%","5.13%","-8.69%","22.46%","58.92%","-37.44%","-18.94%","54.66%","-3.11%","-",""
"Horiz. %","360.59%","247.03%","207.49%","141.95%","135.03%","147.88%","120.76%","75.99%","121.47%","149.86%","96.89%","100.00%",""
"EY","3.92","5.72","6.81","9.95","10.46","9.55","11.69","18.59","11.63","9.43","14.57","14.13","-7.79%"
"YoY %","-31.47%","-16.01%","-31.56%","-4.88%","9.53%","-18.31%","-37.12%","59.85%","23.33%","-35.28%","3.11%","-",""
"Horiz. %","27.74%","40.48%","48.20%","70.42%","74.03%","67.59%","82.73%","131.56%","82.31%","66.74%","103.11%","100.00%",""
"DY","0.00","0.00","0.00","2.65","2.82","2.67","2.94","8.82","8.33","7.50","8.57","8.70","-"
"YoY %","0.00%","0.00%","0.00%","-6.03%","5.62%","-9.18%","-66.67%","5.88%","11.07%","-12.49%","-1.49%","-",""
"Horiz. %","0.00%","0.00%","0.00%","30.46%","32.41%","30.69%","33.79%","101.38%","95.75%","86.21%","98.51%","100.00%",""
"P/NAPS","1.72","1.72","1.85","1.35","1.42","1.83","1.93","1.14","1.17","1.61","1.44","1.09","6.05%"
"YoY %","0.00%","-7.03%","37.04%","-4.93%","-22.40%","-5.18%","69.30%","-2.56%","-27.33%","11.81%","32.11%","-",""
"Horiz. %","157.80%","157.80%","169.72%","123.85%","130.28%","167.89%","177.06%","104.59%","107.34%","147.71%","132.11%","100.00%",""
"Date","AQR","T4Q","27/02/18","27/02/17","24/02/16","25/02/15","27/02/14","25/02/13","22/02/12","24/02/11","24/02/10","24/02/09","-"
"Price","0.5200","0.5200","1.2300","0.8450","0.7000","0.7800","0.7350","0.3550","0.3100","0.3600","0.3400","0.2000","-"
"P/RPS","1.90","1.69","1.93","1.56","1.43","1.73","1.74","1.04","1.45","1.63","1.36","0.97","7.94%"
"YoY %","12.43%","-12.44%","23.72%","9.09%","-17.34%","-0.57%","67.31%","-28.28%","-11.04%","19.85%","40.21%","-",""
"Horiz. %","195.88%","174.23%","198.97%","160.82%","147.42%","178.35%","179.38%","107.22%","149.48%","168.04%","140.21%","100.00%",""
"P/EPS","25.78","17.66","15.99","11.25","9.42","10.89","9.25","5.62","8.88","9.55","6.67","6.15","11.19%"
"YoY %","45.98%","10.44%","42.13%","19.43%","-13.50%","17.73%","64.59%","-36.71%","-7.02%","43.18%","8.46%","-",""
"Horiz. %","419.19%","287.15%","260.00%","182.93%","153.17%","177.07%","150.41%","91.38%","144.39%","155.28%","108.46%","100.00%",""
"EY","3.88","5.66","6.25","8.89","10.61","9.18","10.82","17.80","11.26","10.47","15.00","16.25","-10.07%"
"YoY %","-31.45%","-9.44%","-29.70%","-16.21%","15.58%","-15.16%","-39.21%","58.08%","7.55%","-30.20%","-7.69%","-",""
"Horiz. %","23.88%","34.83%","38.46%","54.71%","65.29%","56.49%","66.58%","109.54%","69.29%","64.43%","92.31%","100.00%",""
"DY","0.00","0.00","0.00","2.37","2.86","2.56","2.72","8.45","8.06","8.33","8.82","10.00","-"
"YoY %","0.00%","0.00%","0.00%","-17.13%","11.72%","-5.88%","-67.81%","4.84%","-3.24%","-5.56%","-11.80%","-",""
"Horiz. %","0.00%","0.00%","0.00%","23.70%","28.60%","25.60%","27.20%","84.50%","80.60%","83.30%","88.20%","100.00%",""
"P/NAPS","1.73","1.73","2.02","1.51","1.40","1.91","2.08","1.20","1.21","1.45","1.39","0.95","8.74%"
"YoY %","0.00%","-14.36%","33.77%","7.86%","-26.70%","-8.17%","73.33%","-0.83%","-16.55%","4.32%","46.32%","-",""
"Horiz. %","182.11%","182.11%","212.63%","158.95%","147.37%","201.05%","218.95%","126.32%","127.37%","152.63%","146.32%","100.00%",""

