Column1,AQR,T4Q,31/12/17,31/12/16,31/12/15,31/12/14,31/12/13,31/08/13,31/08/12,31/08/11,31/08/10,31/08/09,CAGR
"Revenue","154,376","77,188","0","0","2","54","0","4,022","12,665","4,243","4,111","4,939","-"
"YoY %","100.00%","0.00%","0.00%","0.00%","-96.30%","0.00%","0.00%","-68.24%","198.49%","3.21%","-16.76%","-",""
"Horiz. %","3,125.65%","1,562.83%","0.00%","0.00%","0.04%","1.09%","0.00%","81.43%","256.43%","85.91%","83.24%","100.00%",""
"PBT","-8","2,144","1,960","-1,607","-862","-2,012","0","-7,651","1,951","130","-204","-791","-"
"YoY %","-100.37%","9.39%","221.97%","-86.43%","57.16%","0.00%","0.00%","-492.16%","1,400.77%","163.73%","74.21%","-",""
"Horiz. %","1.01%","-271.05%","-247.79%","203.16%","108.98%","254.36%","-0.00%","967.26%","-246.65%","-16.43%","25.79%","100.00%",""
"Tax","0","-443","-443","0","0","0","0","0","0","0","0","0","-"
"YoY %","0.00%","0.00%","0.00%","0.00%","0.00%","0.00%","0.00%","0.00%","0.00%","0.00%","0.00%","-",""
"Horiz. %","-0.00%","100.00%","100.00%","-","-","-","-","-","-","-","-","-",""
"NP","-8","1,701","1,517","-1,607","-862","-2,012","0","-7,651","1,951","130","-204","-791","-"
"YoY %","-100.47%","12.13%","194.40%","-86.43%","57.16%","0.00%","0.00%","-492.16%","1,400.77%","163.73%","74.21%","-",""
"Horiz. %","1.01%","-215.04%","-191.78%","203.16%","108.98%","254.36%","-0.00%","967.26%","-246.65%","-16.43%","25.79%","100.00%",""
"NP to SH","-646","1,382","1,517","-1,607","-862","-7,366","0","-7,950","1,951","130","-204","-791","-"
"YoY %","-146.74%","-8.90%","194.40%","-86.43%","88.30%","0.00%","0.00%","-507.48%","1,400.77%","163.73%","74.21%","-",""
"Horiz. %","81.67%","-174.72%","-191.78%","203.16%","108.98%","931.23%","-0.00%","1,005.06%","-246.65%","-16.43%","25.79%","100.00%",""
"Tax Rate","-     %","20.66    %","22.60    %","-     %","-     %","-     %","-     %","-     %","-     %","-     %","-     %","-     %","-"
"YoY %","0.00%","-8.58%","0.00%","0.00%","0.00%","0.00%","0.00%","0.00%","0.00%","0.00%","0.00%","-",""
"Horiz. %","0.00%","91.42%","100.00%","-","-","-","-","-","-","-","-","-",""
"Total Cost","154,384","75,487","-1,517","1,607","864","2,066","0","11,673","10,714","4,113","4,315","5,730","-"
"YoY %","104.52%","5,076.07%","-194.40%","86.00%","-58.18%","0.00%","0.00%","8.95%","160.49%","-4.68%","-24.69%","-",""
"Horiz. %","2,694.31%","1,317.40%","-26.47%","28.05%","15.08%","36.06%","0.00%","203.72%","186.98%","71.78%","75.31%","100.00%",""
"Net Worth","32,762","32,762","74,362","9,000","-6,999","-6,971","0","0","8,004","6,000","5,939","7,008","32.74%"
"YoY %","0.00%","-55.94%","726.25%","228.57%","-0.41%","0.00%","0.00%","0.00%","33.40%","1.01%","-15.25%","-",""
"Horiz. %","467.45%","467.45%","1,060.98%","128.41%","-99.87%","-99.47%","0.00%","0.00%","114.20%","85.61%","84.75%","100.00%",""
"Div","-","0","-","-","-","-","-","-","-","-","-","-","-"
"YoY %","0.00%","0.00%","0.00%","0.00%","0.00%","0.00%","0.00%","0.00%","0.00%","0.00%","0.00%","-",""
"Horiz. %","-","-","-","-","-","-","-","-","-","-","-","-",""
"Div Payout %","-     %","-     %","-     %","-     %","-     %","-     %","-     %","-     %","-     %","-     %","-     %","-     %","-"
"YoY %","0.00%","0.00%","0.00%","0.00%","0.00%","0.00%","0.00%","0.00%","0.00%","0.00%","0.00%","-",""
"Horiz. %","-","-","-","-","-","-","-","-","-","-","-","-",""
"Net Worth","32,762","32,762","74,362","9,000","-6,999","-6,971","0","0","8,004","6,000","5,939","7,008","32.74%"
"YoY %","0.00%","-55.94%","726.25%","228.57%","-0.41%","0.00%","0.00%","0.00%","33.40%","1.01%","-15.25%","-",""
"Horiz. %","467.45%","467.45%","1,060.98%","128.41%","-99.87%","-99.47%","0.00%","0.00%","114.20%","85.61%","84.75%","100.00%",""
"NOSH","364,033","364,033","99,150","100,000","99,999","99,594","102,033","99,949","100,000","100,000","98,999","100,126","-0.12%"
"YoY %","0.00%","267.15%","-0.85%","0.00%","0.41%","-2.39%","2.08%","-0.05%","-0.00%","1.01%","-1.13%","-",""
"Horiz. %","363.57%","363.57%","99.02%","99.87%","99.87%","99.47%","101.90%","99.82%","99.87%","99.87%","98.87%","100.00%",""
"NP Margin","-0.01    %","2.20    %","0.00    %","0.00    %","-43,100.00    %","-3,725.93    %","-     %","-190.23    %","15.40    %","3.06    %","-4.96    %","-16.02    %","-"
"YoY %","-100.45%","0.00%","0.00%","0.00%","-1,056.76%","0.00%","0.00%","-1,335.26%","403.27%","161.69%","69.04%","-",""
"Horiz. %","0.06%","-13.73%","-0.00%","-0.00%","269,038.69%","23,257.99%","0.00%","1,187.45%","-96.13%","-19.10%","30.96%","100.00%",""
"ROE","-1.97    %","4.22    %","2.04    %","-17.86    %","0.00    %","0.00    %","-     %","-     %","24.38    %","2.17    %","-3.43    %","-11.29    %","-"
"YoY %","-146.68%","106.86%","111.42%","0.00%","0.00%","0.00%","0.00%","0.00%","1,023.50%","163.27%","69.62%","-",""
"Horiz. %","17.45%","-37.38%","-18.07%","158.19%","-0.00%","-0.00%","0.00%","0.00%","-215.94%","-19.22%","30.38%","100.00%",""
"RPS","42.41","21.20","-","-","0.00","0.05","-","4.02","12.66","4.24","4.15","4.93","-"
"YoY %","100.05%","0.00%","0.00%","0.00%","0.00%","0.00%","0.00%","-68.25%","198.58%","2.17%","-15.82%","-",""
"Horiz. %","860.24%","430.02%","0.00%","0.00%","0.00%","1.01%","0.00%","81.54%","256.80%","86.00%","84.18%","100.00%",""
"EPS","-0.20","0.38","1.53","-1.61","-0.86","-2.01","0.00","-7.65","1.95","0.13","-0.20","-0.79","-"
"YoY %","-152.63%","-75.16%","195.03%","-87.21%","57.21%","0.00%","0.00%","-492.31%","1,400.00%","165.00%","74.68%","-",""
"Horiz. %","25.32%","-48.10%","-193.67%","203.80%","108.86%","254.43%","-0.00%","968.35%","-246.84%","-16.46%","25.32%","100.00%",""
"DPS","0.00","0.00","0.00","0.00","0.00","0.00","0.00","0.00","0.00","0.00","0.00","0.00","-"
"YoY %","0.00%","0.00%","0.00%","0.00%","0.00%","0.00%","0.00%","0.00%","0.00%","0.00%","0.00%","-",""
"Horiz. %","-","-","-","-","-","-","-","-","-","-","-","-",""
"NAPS","0.0900","0.0900","0.7500","0.0900","-0.0700","-0.0700","0.0000","0.0000","0.0800","0.0600","0.0600","0.0700","32.89%"
"YoY %","0.00%","-88.00%","733.33%","228.57%","0.00%","0.00%","0.00%","0.00%","33.33%","0.00%","-14.29%","-",""
"Horiz. %","128.57%","128.57%","1,071.43%","128.57%","-100.00%","-100.00%","0.00%","0.00%","114.29%","85.71%","85.71%","100.00%",""
"RPS","42.41","21.20","-","-","0.00","0.01","-","1.10","3.48","1.17","1.13","1.36","-"
"YoY %","100.05%","0.00%","0.00%","0.00%","0.00%","0.00%","0.00%","-68.39%","197.44%","3.54%","-16.91%","-",""
"Horiz. %","3,118.38%","1,558.82%","0.00%","0.00%","0.00%","0.74%","0.00%","80.88%","255.88%","86.03%","83.09%","100.00%",""
"EPS","-0.20","0.38","0.42","-0.44","-0.24","-2.02","0.00","-2.18","0.54","0.04","-0.06","-0.22","-"
"YoY %","-152.63%","-9.52%","195.45%","-83.33%","88.12%","0.00%","0.00%","-503.70%","1,250.00%","166.67%","72.73%","-",""
"Horiz. %","90.91%","-172.73%","-190.91%","200.00%","109.09%","918.18%","-0.00%","990.91%","-245.45%","-18.18%","27.27%","100.00%",""
"DPS","0.00","0.00","0.00","0.00","0.00","0.00","0.00","0.00","0.00","0.00","0.00","0.00","-"
"YoY %","0.00%","0.00%","0.00%","0.00%","0.00%","0.00%","0.00%","0.00%","0.00%","0.00%","0.00%","-",""
"Horiz. %","-","-","-","-","-","-","-","-","-","-","-","-",""
"NAPS","0.0900","0.0900","0.2043","0.0247","-0.0192","-0.0192","0.0000","0.0000","0.0220","0.0165","0.0163","0.0193","32.70%"
"YoY %","0.00%","-55.95%","727.13%","228.65%","0.00%","0.00%","0.00%","0.00%","33.33%","1.23%","-15.54%","-",""
"Horiz. %","466.32%","466.32%","1,058.55%","127.98%","-99.48%","-99.48%","0.00%","0.00%","113.99%","85.49%","84.46%","100.00%",""
"Date","AQR","T4Q","29/12/17","30/12/16","31/12/15","31/12/14","31/12/13","30/08/13","30/08/12","29/08/11","30/08/10","28/08/09","-"
"Price","0.1000","0.1000","0.0500","0.0050","0.0500","0.0200","0.0600","0.1250","0.2600","0.1600","0.0400","0.0500","-"
"P/RPS","0.24","0.47","0.00","0.00","2,500.00","36.89","0.00","3.11","2.05","3.77","0.96","1.01","-"
"YoY %","-48.94%","0.00%","0.00%","0.00%","6,676.91%","0.00%","0.00%","51.71%","-45.62%","292.71%","-4.95%","-",""
"Horiz. %","23.76%","46.53%","0.00%","0.00%","247,524.75%","3,652.48%","0.00%","307.92%","202.97%","373.27%","95.05%","100.00%",""
"P/EPS","-56.35","26.34","3.27","-0.31","-5.80","-0.27","0.00","-1.57","13.33","123.08","-19.41","-6.33","-"
"YoY %","-313.93%","705.50%","1,154.84%","94.66%","-2,048.15%","0.00%","0.00%","-111.78%","-89.17%","734.11%","-206.64%","-",""
"Horiz. %","890.21%","-416.11%","-51.66%","4.90%","91.63%","4.27%","-0.00%","24.80%","-210.58%","-1,944.39%","306.64%","100.00%",""
"EY","-1.77","3.80","30.60","-321.40","-17.24","-369.80","0.00","-63.63","7.50","0.81","-5.15","-15.80","-"
"YoY %","-146.58%","-87.58%","109.52%","-1,764.27%","95.34%","0.00%","0.00%","-948.40%","825.93%","115.73%","67.41%","-",""
"Horiz. %","11.20%","-24.05%","-193.67%","2,034.18%","109.11%","2,340.51%","-0.00%","402.72%","-47.47%","-5.13%","32.59%","100.00%",""
"DY","0.00","0.00","0.00","0.00","0.00","0.00","0.00","0.00","0.00","0.00","0.00","0.00","-"
"YoY %","0.00%","0.00%","0.00%","0.00%","0.00%","0.00%","0.00%","0.00%","0.00%","0.00%","0.00%","-",""
"Horiz. %","-","-","-","-","-","-","-","-","-","-","-","-",""
"P/NAPS","1.11","1.11","0.07","0.06","0.00","0.00","0.00","0.00","3.25","2.67","0.67","0.71","-24.26%"
"YoY %","0.00%","1,485.71%","16.67%","0.00%","0.00%","0.00%","0.00%","0.00%","21.72%","298.51%","-5.63%","-",""
"Horiz. %","156.34%","156.34%","9.86%","8.45%","0.00%","0.00%","0.00%","0.00%","457.75%","376.06%","94.37%","100.00%",""
"Date","AQR","T4Q","14/02/18","27/02/17","29/02/16","26/02/15","31/10/14","22/11/13","31/10/12","04/10/11","27/10/10","30/10/09","-"
"Price","0.1050","0.1050","0.1550","0.0050","0.0050","0.0250","0.0350","0.0750","0.2500","0.1000","0.0800","0.0700","-"
"P/RPS","0.25","0.50","0.00","0.00","250.00","46.11","0.00","1.86","1.97","2.36","1.93","1.42","-"
"YoY %","-50.00%","0.00%","0.00%","0.00%","442.18%","0.00%","0.00%","-5.58%","-16.53%","22.28%","35.92%","-",""
"Horiz. %","17.61%","35.21%","0.00%","0.00%","17,605.63%","3,247.18%","0.00%","130.99%","138.73%","166.20%","135.92%","100.00%",""
"P/EPS","-59.17","27.66","10.13","-0.31","-0.58","-0.34","0.00","-0.94","12.82","76.92","-38.82","-8.86","-"
"YoY %","-313.92%","173.05%","3,367.74%","46.55%","-70.59%","0.00%","0.00%","-107.33%","-83.33%","298.15%","-338.15%","-",""
"Horiz. %","667.83%","-312.19%","-114.33%","3.50%","6.55%","3.84%","-0.00%","10.61%","-144.70%","-868.17%","438.15%","100.00%",""
"EY","-1.69","3.62","9.87","-321.40","-172.40","-295.84","0.00","-106.05","7.80","1.30","-2.58","-11.29","-"
"YoY %","-146.69%","-63.32%","103.07%","-86.43%","41.73%","0.00%","0.00%","-1,459.62%","500.00%","150.39%","77.15%","-",""
"Horiz. %","14.97%","-32.06%","-87.42%","2,846.77%","1,527.02%","2,620.37%","-0.00%","939.33%","-69.09%","-11.51%","22.85%","100.00%",""
"DY","0.00","0.00","0.00","0.00","0.00","0.00","0.00","0.00","0.00","0.00","0.00","0.00","-"
"YoY %","0.00%","0.00%","0.00%","0.00%","0.00%","0.00%","0.00%","0.00%","0.00%","0.00%","0.00%","-",""
"Horiz. %","-","-","-","-","-","-","-","-","-","-","-","-",""
"P/NAPS","1.17","1.17","0.21","0.06","0.00","0.00","0.00","0.00","3.13","1.67","1.33","1.00","-17.07%"
"YoY %","0.00%","457.14%","250.00%","0.00%","0.00%","0.00%","0.00%","0.00%","87.43%","25.56%","33.00%","-",""
"Horiz. %","117.00%","117.00%","21.00%","6.00%","0.00%","0.00%","0.00%","0.00%","313.00%","167.00%","133.00%","100.00%",""

