Column1,AQR,T4Q,31/03/18,31/12/17,31/03/17,31/12/16,31/12/15,31/12/14,31/12/13,31/12/12,31/12/11,31/12/10,CAGR
"Revenue","33,338","29,105","33,338","27,350","30,857","30,857","42,410","36,217","33,970","52,048","54,432","46,575","-4.51%"
"YoY %","14.54%","-12.70%","21.89%","-11.37%","0.00%","-27.24%","17.10%","6.61%","-34.73%","-4.38%","16.87%","-",""
"Horiz. %","71.58%","62.49%","71.58%","58.72%","66.25%","66.25%","91.06%","77.76%","72.94%","111.75%","116.87%","100.00%",""
"PBT","-29,143","-25,888","-29,143","-9,783","-8,702","8,702","4,741","-7,166","5,003","11,720","13,528","11,409","-"
"YoY %","-12.57%","11.17%","-197.89%","-12.42%","-200.00%","83.55%","166.16%","-243.23%","-57.31%","-13.36%","18.57%","-",""
"Horiz. %","-255.44%","-226.91%","-255.44%","-85.75%","-76.27%","76.27%","41.55%","-62.81%","43.85%","102.73%","118.57%","100.00%",""
"Tax","-1,648","-1,647","-1,648","-127","1,055","-16,349","-360","-386","-80","-35","-318","-794","10.59%"
"YoY %","-0.06%","0.06%","-1,197.64%","-112.04%","106.45%","-4,441.39%","6.74%","-382.50%","-128.57%","88.99%","59.95%","-",""
"Horiz. %","207.56%","207.43%","207.56%","15.99%","-132.87%","2,059.07%","45.34%","48.61%","10.08%","4.41%","40.05%","100.00%",""
"NP","-30,791","-27,535","-30,791","-9,910","-7,647","-7,647","4,381","-7,552","4,923","11,685","13,210","10,615","-"
"YoY %","-11.82%","10.57%","-210.71%","-29.59%","0.00%","-274.55%","158.01%","-253.40%","-57.87%","-11.54%","24.45%","-",""
"Horiz. %","-290.07%","-259.40%","-290.07%","-93.36%","-72.04%","-72.04%","41.27%","-71.14%","46.38%","110.08%","124.45%","100.00%",""
"NP to SH","-30,549","-27,554","-30,549","-9,685","-7,693","-7,693","4,284","-8,164","4,336","11,925","13,039","10,502","-"
"YoY %","-10.87%","9.80%","-215.43%","-25.89%","0.00%","-279.58%","152.47%","-288.28%","-63.64%","-8.54%","24.16%","-",""
"Horiz. %","-290.89%","-262.37%","-290.89%","-92.22%","-73.25%","-73.25%","40.79%","-77.74%","41.29%","113.55%","124.16%","100.00%",""
"Tax Rate","-     %","-     %","-     %","-     %","-     %","187.88    %","7.59    %","-     %","1.60    %","0.30    %","2.35    %","6.96    %","-"
"YoY %","0.00%","0.00%","0.00%","0.00%","0.00%","2,375.36%","0.00%","0.00%","433.33%","-87.23%","-66.24%","-",""
"Horiz. %","0.00%","0.00%","0.00%","0.00%","0.00%","2,699.43%","109.05%","0.00%","22.99%","4.31%","33.76%","100.00%",""
"Total Cost","64,129","56,640","64,129","37,260","38,504","38,504","38,029","43,769","29,047","40,363","41,222","35,960","8.30%"
"YoY %","13.22%","-11.68%","72.11%","-3.23%","0.00%","1.25%","-13.11%","50.68%","-28.04%","-2.08%","14.63%","-",""
"Horiz. %","178.33%","157.51%","178.33%","103.62%","107.07%","107.07%","105.75%","121.72%","80.78%","112.24%","114.63%","100.00%",""
"Net Worth","32,681","32,681","32,681","45,451","54,506","49,238","61,475","64,563","73,445","74,343","68,305","54,558","-6.82%"
"YoY %","0.00%","0.00%","-28.10%","-16.61%","10.70%","-19.91%","-4.78%","-12.09%","-1.21%","8.84%","25.20%","-",""
"Horiz. %","59.90%","59.90%","59.90%","83.31%","99.91%","90.25%","112.68%","118.34%","134.62%","136.27%","125.20%","100.00%",""
"Div","-","0","-","-","-","-","-","-","4,792","5,995","-","-","-"
"YoY %","0.00%","0.00%","0.00%","0.00%","0.00%","0.00%","0.00%","0.00%","-20.06%","0.00%","0.00%","-",""
"Horiz. %","0.00%","0.00%","0.00%","0.00%","0.00%","0.00%","0.00%","0.00%","79.94%","100.00%","-","-",""
"Div Payout %","-     %","-     %","-     %","-     %","-     %","-     %","-     %","-     %","110.53    %","50.28    %","-     %","-     %","-"
"YoY %","0.00%","0.00%","0.00%","0.00%","0.00%","0.00%","0.00%","0.00%","119.83%","0.00%","0.00%","-",""
"Horiz. %","0.00%","0.00%","0.00%","0.00%","0.00%","0.00%","0.00%","0.00%","219.83%","100.00%","-","-",""
"Net Worth","32,681","32,681","32,681","45,451","54,506","49,238","61,475","64,563","73,445","74,343","68,305","54,558","-6.82%"
"YoY %","0.00%","0.00%","-28.10%","-16.61%","10.70%","-19.91%","-4.78%","-12.09%","-1.21%","8.84%","25.20%","-",""
"Horiz. %","59.90%","59.90%","59.90%","83.31%","99.91%","90.25%","112.68%","118.34%","134.62%","136.27%","125.20%","100.00%",""
"NOSH","265,485","265,485","265,485","265,485","242,681","241,130","241,555","241,538","239,627","239,818","238,832","238,140","1.51%"
"YoY %","0.00%","0.00%","0.00%","9.40%","0.64%","-0.18%","0.01%","0.80%","-0.08%","0.41%","0.29%","-",""
"Horiz. %","111.48%","111.48%","111.48%","111.48%","101.91%","101.26%","101.43%","101.43%","100.62%","100.70%","100.29%","100.00%",""
"NP Margin","-92.36    %","-94.61    %","-92.36    %","-36.23    %","-24.78    %","-24.78    %","10.33    %","-20.85    %","14.49    %","22.45    %","24.27    %","22.79    %","-"
"YoY %","2.38%","-2.44%","-154.93%","-46.21%","0.00%","-339.88%","149.54%","-243.89%","-35.46%","-7.50%","6.49%","-",""
"Horiz. %","-405.27%","-415.14%","-405.27%","-158.97%","-108.73%","-108.73%","45.33%","-91.49%","63.58%","98.51%","106.49%","100.00%",""
"ROE","-93.48    %","-84.31    %","-93.48    %","-21.31    %","-14.11    %","-15.62    %","6.97    %","-12.64    %","5.90    %","16.04    %","19.09    %","19.25    %","-"
"YoY %","-10.88%","9.81%","-338.67%","-51.03%","9.67%","-324.10%","155.14%","-314.24%","-63.22%","-15.98%","-0.83%","-",""
"Horiz. %","-485.61%","-437.97%","-485.61%","-110.70%","-73.30%","-81.14%","36.21%","-65.66%","30.65%","83.32%","99.17%","100.00%",""
"RPS","12.56","10.96","12.56","10.30","12.72","12.80","17.56","14.99","14.18","21.70","22.79","19.56","-5.93%"
"YoY %","14.60%","-12.74%","21.94%","-19.03%","-0.62%","-27.11%","17.14%","5.71%","-34.65%","-4.78%","16.51%","-",""
"Horiz. %","64.21%","56.03%","64.21%","52.66%","65.03%","65.44%","89.78%","76.64%","72.49%","110.94%","116.51%","100.00%",""
"EPS","-11.60","-10.38","-11.60","-3.73","-3.17","-3.17","1.77","-3.38","1.80","4.97","5.46","4.41","-"
"YoY %","-11.75%","10.52%","-210.99%","-17.67%","0.00%","-279.10%","152.37%","-287.78%","-63.78%","-8.97%","23.81%","-",""
"Horiz. %","-263.04%","-235.37%","-263.04%","-84.58%","-71.88%","-71.88%","40.14%","-76.64%","40.82%","112.70%","123.81%","100.00%",""
"DPS","0.00","0.00","0.00","0.00","0.00","0.00","0.00","0.00","2.00","2.50","0.00","0.00","-"
"YoY %","0.00%","0.00%","0.00%","0.00%","0.00%","0.00%","0.00%","0.00%","-20.00%","0.00%","0.00%","-",""
"Horiz. %","0.00%","0.00%","0.00%","0.00%","0.00%","0.00%","0.00%","0.00%","80.00%","100.00%","-","-",""
"NAPS","0.1231","0.1231","0.1231","0.1712","0.2246","0.2042","0.2545","0.2673","0.3065","0.3100","0.2860","0.2291","-8.21%"
"YoY %","0.00%","0.00%","-28.10%","-23.78%","9.99%","-19.76%","-4.79%","-12.79%","-1.13%","8.39%","24.84%","-",""
"Horiz. %","53.73%","53.73%","53.73%","74.73%","98.04%","89.13%","111.09%","116.67%","133.78%","135.31%","124.84%","100.00%",""
"RPS","12.56","10.96","12.56","10.30","11.62","11.62","15.97","13.64","12.80","19.60","20.50","17.54","-4.50%"
"YoY %","14.60%","-12.74%","21.94%","-11.36%","0.00%","-27.24%","17.08%","6.56%","-34.69%","-4.39%","16.88%","-",""
"Horiz. %","71.61%","62.49%","71.61%","58.72%","66.25%","66.25%","91.05%","77.77%","72.98%","111.74%","116.88%","100.00%",""
"EPS","-11.60","-10.38","-11.60","-3.73","-2.90","-2.90","1.61","-3.08","1.63","4.49","4.91","3.96","-"
"YoY %","-11.75%","10.52%","-210.99%","-28.62%","0.00%","-280.12%","152.27%","-288.96%","-63.70%","-8.55%","23.99%","-",""
"Horiz. %","-292.93%","-262.12%","-292.93%","-94.19%","-73.23%","-73.23%","40.66%","-77.78%","41.16%","113.38%","123.99%","100.00%",""
"DPS","0.00","0.00","0.00","0.00","0.00","0.00","0.00","0.00","1.81","2.26","0.00","0.00","-"
"YoY %","0.00%","0.00%","0.00%","0.00%","0.00%","0.00%","0.00%","0.00%","-19.91%","0.00%","0.00%","-",""
"Horiz. %","0.00%","0.00%","0.00%","0.00%","0.00%","0.00%","0.00%","0.00%","80.09%","100.00%","-","-",""
"NAPS","0.1231","0.1231","0.1231","0.1712","0.2053","0.1855","0.2316","0.2432","0.2766","0.2800","0.2573","0.2055","-6.82%"
"YoY %","0.00%","0.00%","-28.10%","-16.61%","10.67%","-19.91%","-4.77%","-12.08%","-1.21%","8.82%","25.21%","-",""
"Horiz. %","59.90%","59.90%","59.90%","83.31%","99.90%","90.27%","112.70%","118.35%","134.60%","136.25%","125.21%","100.00%",""
"Date","AQR","T4Q","30/03/18","29/12/17","31/03/17","30/12/16","31/12/15","31/12/14","31/12/13","31/12/12","30/12/11","30/12/10","-"
"Price","0.2750","0.2750","0.2750","0.2450","0.3000","0.2950","0.3050","0.3000","0.3350","0.4200","0.4000","0.3400","-"
"P/RPS","2.19","2.51","2.19","2.38","2.36","2.31","1.74","2.00","2.36","1.94","1.76","1.74","3.22%"
"YoY %","-12.75%","14.61%","-7.98%","0.85%","2.16%","32.76%","-13.00%","-15.25%","21.65%","10.23%","1.15%","-",""
"Horiz. %","125.86%","144.25%","125.86%","136.78%","135.63%","132.76%","100.00%","114.94%","135.63%","111.49%","101.15%","100.00%",""
"P/EPS","-2.39","-2.65","-2.39","-6.72","-9.46","-9.25","17.20","-8.88","18.51","8.45","7.33","7.71","-"
"YoY %","9.81%","-10.88%","64.43%","28.96%","-2.27%","-153.78%","293.69%","-147.97%","119.05%","15.28%","-4.93%","-",""
"Horiz. %","-31.00%","-34.37%","-31.00%","-87.16%","-122.70%","-119.97%","223.09%","-115.18%","240.08%","109.60%","95.07%","100.00%",""
"EY","-41.84","-37.74","-41.84","-14.89","-10.57","-10.81","5.81","-11.27","5.40","11.84","13.65","12.97","-"
"YoY %","-10.86%","9.80%","-180.99%","-40.87%","2.22%","-286.06%","151.55%","-308.70%","-54.39%","-13.26%","5.24%","-",""
"Horiz. %","-322.59%","-290.98%","-322.59%","-114.80%","-81.50%","-83.35%","44.80%","-86.89%","41.63%","91.29%","105.24%","100.00%",""
"DY","0.00","0.00","0.00","0.00","0.00","0.00","0.00","0.00","5.97","5.95","0.00","0.00","-"
"YoY %","0.00%","0.00%","0.00%","0.00%","0.00%","0.00%","0.00%","0.00%","0.34%","0.00%","0.00%","-",""
"Horiz. %","0.00%","0.00%","0.00%","0.00%","0.00%","0.00%","0.00%","0.00%","100.34%","100.00%","-","-",""
"P/NAPS","2.23","2.23","2.23","1.43","1.34","1.44","1.20","1.12","1.09","1.35","1.40","1.48","5.82%"
"YoY %","0.00%","0.00%","55.94%","6.72%","-6.94%","20.00%","7.14%","2.75%","-19.26%","-3.57%","-5.41%","-",""
"Horiz. %","150.68%","150.68%","150.68%","96.62%","90.54%","97.30%","81.08%","75.68%","73.65%","91.22%","94.59%","100.00%",""
"Date","AQR","T4Q","31/05/18","27/02/18","-","28/02/17","25/02/16","27/02/15","24/02/14","26/02/13","28/02/12","23/02/11","-"
"Price","0.2300","0.2300","0.2300","0.2600","0.0000","0.2850","0.2950","0.3050","0.3200","0.4450","0.4300","0.3800","-"
"P/RPS","1.83","2.10","1.83","2.52","0.00","2.23","1.68","2.03","2.26","2.05","1.89","1.94","-0.80%"
"YoY %","-12.86%","14.75%","-27.38%","0.00%","0.00%","32.74%","-17.24%","-10.18%","10.24%","8.47%","-2.58%","-",""
"Horiz. %","94.33%","108.25%","94.33%","129.90%","0.00%","114.95%","86.60%","104.64%","116.49%","105.67%","97.42%","100.00%",""
"P/EPS","-2.00","-2.22","-2.00","-7.13","0.00","-8.93","16.63","-9.02","17.68","8.95","7.88","8.62","-"
"YoY %","9.91%","-11.00%","71.95%","0.00%","0.00%","-153.70%","284.37%","-151.02%","97.54%","13.58%","-8.58%","-",""
"Horiz. %","-23.20%","-25.75%","-23.20%","-82.71%","0.00%","-103.60%","192.92%","-104.64%","205.10%","103.83%","91.42%","100.00%",""
"EY","-50.03","-45.12","-50.03","-14.03","0.00","-11.19","6.01","-11.08","5.65","11.17","12.70","11.61","-"
"YoY %","-10.88%","9.81%","-256.59%","0.00%","0.00%","-286.19%","154.24%","-296.11%","-49.42%","-12.05%","9.39%","-",""
"Horiz. %","-430.92%","-388.63%","-430.92%","-120.84%","0.00%","-96.38%","51.77%","-95.43%","48.66%","96.21%","109.39%","100.00%",""
"DY","0.00","0.00","0.00","0.00","0.00","0.00","0.00","0.00","6.25","5.62","0.00","0.00","-"
"YoY %","0.00%","0.00%","0.00%","0.00%","0.00%","0.00%","0.00%","0.00%","11.21%","0.00%","0.00%","-",""
"Horiz. %","0.00%","0.00%","0.00%","0.00%","0.00%","0.00%","0.00%","0.00%","111.21%","100.00%","-","-",""
"P/NAPS","1.87","1.87","1.87","1.52","0.00","1.40","1.16","1.14","1.04","1.44","1.50","1.66","1.66%"
"YoY %","0.00%","0.00%","23.03%","0.00%","0.00%","20.69%","1.75%","9.62%","-27.78%","-4.00%","-9.64%","-",""
"Horiz. %","112.65%","112.65%","112.65%","91.57%","0.00%","84.34%","69.88%","68.67%","62.65%","86.75%","90.36%","100.00%",""

