Column1,AQR,T4Q,30/06/18,30/06/17,30/06/16,30/06/15,30/06/14,30/06/13,30/06/12,30/06/11,30/06/10,30/06/09,CAGR
"Revenue","23,924","23,966","24,929","24,670","19,029","17,486","11,385","8,146","7,862","10,825","8,671","4,525","20.86%"
"YoY %","-0.18%","-3.86%","1.05%","29.64%","8.82%","53.59%","39.76%","3.61%","-27.37%","24.84%","91.62%","-",""
"Horiz. %","528.71%","529.64%","550.92%","545.19%","420.53%","386.43%","251.60%","180.02%","173.75%","239.23%","191.62%","100.00%",""
"PBT","5,589","97","583","6,964","1,172","2,987","1,201","-975","-1,644","1,790","1,260","-761","-"
"YoY %","5,662.20%","-83.36%","-91.63%","494.20%","-60.76%","148.71%","223.18%","40.69%","-191.84%","42.06%","265.57%","-",""
"Horiz. %","-734.47%","-12.75%","-76.61%","-915.11%","-154.01%","-392.51%","-157.82%","128.12%","216.03%","-235.22%","-165.57%","100.00%",""
"Tax","-293","-134","-255","-585","-130","65","-139","-19","-77","-115","-557","68","-"
"YoY %","-118.91%","47.45%","56.41%","-350.00%","-300.00%","146.76%","-631.58%","75.32%","33.04%","79.35%","-919.12%","-",""
"Horiz. %","-431.37%","-197.06%","-375.00%","-860.29%","-191.18%","95.59%","-204.41%","-27.94%","-113.24%","-169.12%","-819.12%","100.00%",""
"NP","5,296","-37","328","6,379","1,042","3,052","1,062","-994","-1,721","1,675","703","-693","-"
"YoY %","14,413.51%","-111.28%","-94.86%","512.19%","-65.86%","187.38%","206.84%","42.24%","-202.75%","138.26%","201.44%","-",""
"Horiz. %","-764.21%","5.34%","-47.33%","-920.49%","-150.36%","-440.40%","-153.25%","143.43%","248.34%","-241.70%","-101.44%","100.00%",""
"NP to SH","5,296","-37","328","6,379","1,042","3,052","1,062","-994","-1,721","1,675","703","-693","-"
"YoY %","14,413.51%","-111.28%","-94.86%","512.19%","-65.86%","187.38%","206.84%","42.24%","-202.75%","138.26%","201.44%","-",""
"Horiz. %","-764.21%","5.34%","-47.33%","-920.49%","-150.36%","-440.40%","-153.25%","143.43%","248.34%","-241.70%","-101.44%","100.00%",""
"Tax Rate","5.25    %","138.14    %","43.74    %","8.40    %","11.09    %","-2.18    %","11.57    %","-     %","-     %","6.42    %","44.21    %","-     %","-"
"YoY %","-96.20%","215.82%","420.71%","-24.26%","608.72%","-118.84%","0.00%","0.00%","0.00%","-85.48%","0.00%","-",""
"Horiz. %","11.88%","312.46%","98.94%","19.00%","25.08%","-4.93%","26.17%","0.00%","0.00%","14.52%","100.00%","-",""
"Total Cost","18,628","24,003","24,601","18,291","17,987","14,434","10,323","9,140","9,583","9,150","7,968","5,218","18.79%"
"YoY %","-22.39%","-2.43%","34.50%","1.69%","24.62%","39.82%","12.94%","-4.62%","4.73%","14.83%","52.70%","-",""
"Horiz. %","356.99%","460.00%","471.46%","350.54%","344.71%","276.62%","197.83%","175.16%","183.65%","175.35%","152.70%","100.00%",""
"Net Worth","31,878","31,878","28,287","30,239","23,853","23,985","22,668","21,578","22,523","25,605","24,407","23,801","1.94%"
"YoY %","0.00%","12.69%","-6.46%","26.78%","-0.55%","5.81%","5.05%","-4.20%","-12.04%","4.91%","2.54%","-",""
"Horiz. %","133.93%","133.93%","118.85%","127.05%","100.22%","100.77%","95.24%","90.66%","94.63%","107.58%","102.54%","100.00%",""
"Div","-","0","-","2,520","627","1,262","632","-","-","-","626","1,259","-"
"YoY %","0.00%","0.00%","0.00%","301.46%","-50.28%","99.70%","0.00%","0.00%","0.00%","0.00%","-50.26%","-",""
"Horiz. %","0.00%","0.00%","0.00%","200.00%","49.82%","100.19%","50.17%","0.00%","0.00%","0.00%","49.74%","100.00%",""
"Div Payout %","-     %","-     %","-     %","39.50    %","60.24    %","41.36    %","59.52    %","-     %","-     %","-     %","89.16    %","-     %","-"
"YoY %","0.00%","0.00%","0.00%","-34.43%","45.65%","-30.51%","0.00%","0.00%","0.00%","0.00%","0.00%","-",""
"Horiz. %","0.00%","0.00%","0.00%","44.30%","67.56%","46.39%","66.76%","0.00%","0.00%","0.00%","100.00%","-",""
"Net Worth","31,878","31,878","28,287","30,239","23,853","23,985","22,668","21,578","22,523","25,605","24,407","23,801","1.94%"
"YoY %","0.00%","12.69%","-6.46%","26.78%","-0.55%","5.81%","5.05%","-4.20%","-12.04%","4.91%","2.54%","-",""
"Horiz. %","133.93%","133.93%","118.85%","127.05%","100.22%","100.77%","95.24%","90.66%","94.63%","107.58%","102.54%","100.00%",""
"NOSH","210,000","210,000","210,000","126,000","125,542","126,239","126,428","125,822","125,620","126,137","125,357","125,999","5.84%"
"YoY %","0.00%","0.00%","66.67%","0.36%","-0.55%","-0.15%","0.48%","0.16%","-0.41%","0.62%","-0.51%","-",""
"Horiz. %","166.67%","166.67%","166.67%","100.00%","99.64%","100.19%","100.34%","99.86%","99.70%","100.11%","99.49%","100.00%",""
"NP Margin","22.14    %","-0.15    %","1.32    %","25.86    %","5.48    %","17.45    %","9.33    %","-12.20    %","-21.89    %","15.47    %","8.11    %","-15.31    %","-"
"YoY %","14,860.00%","-111.36%","-94.90%","371.90%","-68.60%","87.03%","176.48%","44.27%","-241.50%","90.75%","152.97%","-",""
"Horiz. %","-144.61%","0.98%","-8.62%","-168.91%","-35.79%","-113.98%","-60.94%","79.69%","142.98%","-101.05%","-52.97%","100.00%",""
"ROE","16.61    %","-0.12    %","1.16    %","21.09    %","4.37    %","12.72    %","4.68    %","-4.61    %","-7.64    %","6.54    %","2.88    %","-2.91    %","-"
"YoY %","13,941.67%","-110.34%","-94.50%","382.61%","-65.64%","171.79%","201.52%","39.66%","-216.82%","127.08%","198.97%","-",""
"Horiz. %","-570.79%","4.12%","-39.86%","-724.74%","-150.17%","-437.11%","-160.82%","158.42%","262.54%","-224.74%","-98.97%","100.00%",""
"RPS","11.39","11.41","11.87","19.58","15.16","13.85","9.01","6.47","6.26","8.58","6.92","3.59","14.20%"
"YoY %","-0.18%","-3.88%","-39.38%","29.16%","9.46%","53.72%","39.26%","3.35%","-27.04%","23.99%","92.76%","-",""
"Horiz. %","317.27%","317.83%","330.64%","545.40%","422.28%","385.79%","250.97%","180.22%","174.37%","239.00%","192.76%","100.00%",""
"EPS","2.52","-0.02","0.16","5.06","0.83","2.42","0.84","-0.79","-1.37","1.33","0.56","-0.55","-"
"YoY %","12,700.00%","-112.50%","-96.84%","509.64%","-65.70%","188.10%","206.33%","42.34%","-203.01%","137.50%","201.82%","-",""
"Horiz. %","-458.18%","3.64%","-29.09%","-920.00%","-150.91%","-440.00%","-152.73%","143.64%","249.09%","-241.82%","-101.82%","100.00%",""
"DPS","0.00","0.00","0.00","2.00","0.50","1.00","0.50","0.00","0.00","0.00","0.50","1.00","-"
"YoY %","0.00%","0.00%","0.00%","300.00%","-50.00%","100.00%","0.00%","0.00%","0.00%","0.00%","-50.00%","-",""
"Horiz. %","0.00%","0.00%","0.00%","200.00%","50.00%","100.00%","50.00%","0.00%","0.00%","0.00%","50.00%","100.00%",""
"NAPS","0.1518","0.1518","0.1347","0.2400","0.1900","0.1900","0.1793","0.1715","0.1793","0.2030","0.1947","0.1889","-3.69%"
"YoY %","0.00%","12.69%","-43.88%","26.32%","0.00%","5.97%","4.55%","-4.35%","-11.67%","4.26%","3.07%","-",""
"Horiz. %","80.36%","80.36%","71.31%","127.05%","100.58%","100.58%","94.92%","90.79%","94.92%","107.46%","103.07%","100.00%",""
"RPS","11.39","11.41","11.87","11.75","9.06","8.33","5.42","3.88","3.74","5.15","4.13","2.15","20.89%"
"YoY %","-0.18%","-3.88%","1.02%","29.69%","8.76%","53.69%","39.69%","3.74%","-27.38%","24.70%","92.09%","-",""
"Horiz. %","529.77%","530.70%","552.09%","546.51%","421.40%","387.44%","252.09%","180.47%","173.95%","239.53%","192.09%","100.00%",""
"EPS","2.52","-0.02","0.16","3.04","0.50","1.45","0.51","-0.47","-0.82","0.80","0.33","-0.33","-"
"YoY %","12,700.00%","-112.50%","-94.74%","508.00%","-65.52%","184.31%","208.51%","42.68%","-202.50%","142.42%","200.00%","-",""
"Horiz. %","-763.64%","6.06%","-48.48%","-921.21%","-151.52%","-439.39%","-154.55%","142.42%","248.48%","-242.42%","-100.00%","100.00%",""
"DPS","0.00","0.00","0.00","1.20","0.30","0.60","0.30","0.00","0.00","0.00","0.30","0.60","-"
"YoY %","0.00%","0.00%","0.00%","300.00%","-50.00%","100.00%","0.00%","0.00%","0.00%","0.00%","-50.00%","-",""
"Horiz. %","0.00%","0.00%","0.00%","200.00%","50.00%","100.00%","50.00%","0.00%","0.00%","0.00%","50.00%","100.00%",""
"NAPS","0.1518","0.1518","0.1347","0.1440","0.1136","0.1142","0.1079","0.1028","0.1073","0.1219","0.1162","0.1133","1.94%"
"YoY %","0.00%","12.69%","-6.46%","26.76%","-0.53%","5.84%","4.96%","-4.19%","-11.98%","4.91%","2.56%","-",""
"Horiz. %","133.98%","133.98%","118.89%","127.10%","100.26%","100.79%","95.23%","90.73%","94.70%","107.59%","102.56%","100.00%",""
"Date","AQR","T4Q","29/06/18","30/06/17","30/06/16","30/06/15","30/06/14","28/06/13","29/06/12","30/06/11","30/06/10","30/06/09","-"
"Price","0.8600","0.8600","0.7100","1.9600","0.6400","0.6000","0.5050","0.1850","0.1600","0.1300","0.1900","0.2300","-"
"P/RPS","7.55","7.54","5.98","10.01","4.22","4.33","5.61","2.86","2.56","1.51","2.75","6.40","-0.75%"
"YoY %","0.13%","26.09%","-40.26%","137.20%","-2.54%","-22.82%","96.15%","11.72%","69.54%","-45.09%","-57.03%","-",""
"Horiz. %","117.97%","117.81%","93.44%","156.41%","65.94%","67.66%","87.66%","44.69%","40.00%","23.59%","42.97%","100.00%",""
"P/EPS","34.10","-4,881.08","454.57","38.71","77.11","24.82","60.12","-23.42","-11.68","9.79","33.88","-41.82","-"
"YoY %","100.70%","-1,173.78%","1,074.30%","-49.80%","210.68%","-58.72%","356.70%","-100.51%","-219.31%","-71.10%","181.01%","-",""
"Horiz. %","-81.54%","11,671.64%","-1,086.97%","-92.56%","-184.39%","-59.35%","-143.76%","56.00%","27.93%","-23.41%","-81.01%","100.00%",""
"EY","2.93","-0.02","0.22","2.58","1.30","4.03","1.66","-4.27","-8.56","10.21","2.95","-2.39","-"
"YoY %","14,750.00%","-109.09%","-91.47%","98.46%","-67.74%","142.77%","138.88%","50.12%","-183.84%","246.10%","223.43%","-",""
"Horiz. %","-122.59%","0.84%","-9.21%","-107.95%","-54.39%","-168.62%","-69.46%","178.66%","358.16%","-427.20%","-123.43%","100.00%",""
"DY","0.00","0.00","0.00","1.02","0.78","1.67","0.99","0.00","0.00","0.00","2.63","4.35","-"
"YoY %","0.00%","0.00%","0.00%","30.77%","-53.29%","68.69%","0.00%","0.00%","0.00%","0.00%","-39.54%","-",""
"Horiz. %","0.00%","0.00%","0.00%","23.45%","17.93%","38.39%","22.76%","0.00%","0.00%","0.00%","60.46%","100.00%",""
"P/NAPS","5.67","5.67","5.27","8.17","3.37","3.16","2.82","1.08","0.89","0.64","0.98","1.22","17.64%"
"YoY %","0.00%","7.59%","-35.50%","142.43%","6.65%","12.06%","161.11%","21.35%","39.06%","-34.69%","-19.67%","-",""
"Horiz. %","464.75%","464.75%","431.97%","669.67%","276.23%","259.02%","231.15%","88.52%","72.95%","52.46%","80.33%","100.00%",""
"Date","AQR","T4Q","24/08/18","28/08/17","23/08/16","24/08/15","25/08/14","29/08/13","30/08/12","26/08/11","30/08/10","27/08/09","-"
"Price","0.8100","0.8100","0.9200","2.0000","0.5600","0.6250","0.5250","0.2200","0.1700","0.1400","0.2300","0.3000","-"
"P/RPS","7.11","7.10","7.75","10.21","3.69","4.51","5.83","3.40","2.72","1.63","3.33","8.35","-0.82%"
"YoY %","0.14%","-8.39%","-24.09%","176.69%","-18.18%","-22.64%","71.47%","25.00%","66.87%","-51.05%","-60.12%","-",""
"Horiz. %","85.15%","85.03%","92.81%","122.28%","44.19%","54.01%","69.82%","40.72%","32.57%","19.52%","39.88%","100.00%",""
"P/EPS","32.12","-4,597.30","589.02","39.50","67.47","25.85","62.50","-27.85","-12.41","10.54","41.01","-54.55","-"
"YoY %","100.70%","-880.50%","1,391.19%","-41.46%","161.01%","-58.64%","324.42%","-124.42%","-217.74%","-74.30%","175.18%","-",""
"Horiz. %","-58.88%","8,427.68%","-1,079.78%","-72.41%","-123.68%","-47.39%","-114.57%","51.05%","22.75%","-19.32%","-75.18%","100.00%",""
"EY","3.11","-0.02","0.17","2.53","1.48","3.87","1.60","-3.59","-8.06","9.49","2.44","-1.83","-"
"YoY %","15,650.00%","-111.76%","-93.28%","70.95%","-61.76%","141.88%","144.57%","55.46%","-184.93%","288.93%","233.33%","-",""
"Horiz. %","-169.95%","1.09%","-9.29%","-138.25%","-80.87%","-211.48%","-87.43%","196.17%","440.44%","-518.58%","-133.33%","100.00%",""
"DY","0.00","0.00","0.00","1.00","0.89","1.60","0.95","0.00","0.00","0.00","2.17","3.33","-"
"YoY %","0.00%","0.00%","0.00%","12.36%","-44.38%","68.42%","0.00%","0.00%","0.00%","0.00%","-34.83%","-",""
"Horiz. %","0.00%","0.00%","0.00%","30.03%","26.73%","48.05%","28.53%","0.00%","0.00%","0.00%","65.17%","100.00%",""
"P/NAPS","5.34","5.34","6.83","8.33","2.95","3.29","2.93","1.28","0.95","0.69","1.18","1.59","17.57%"
"YoY %","0.00%","-21.82%","-18.01%","182.37%","-10.33%","12.29%","128.91%","34.74%","37.68%","-41.53%","-25.79%","-",""
"Horiz. %","335.85%","335.85%","429.56%","523.90%","185.53%","206.92%","184.28%","80.50%","59.75%","43.40%","74.21%","100.00%",""

