Column1,AQR,T4Q,31/01/18,31/01/17,31/01/16,31/01/15,31/01/14,31/01/13,31/01/12,31/01/11,31/01/10,31/01/09,CAGR
"Revenue","105,404","129,796","122,548","128,772","221,862","204,491","260,244","286,493","298,230","294,962","315,675","570,572","-15.70%"
"YoY %","-18.79%","5.91%","-4.83%","-41.96%","8.49%","-21.42%","-9.16%","-3.94%","1.11%","-6.56%","-44.67%","-",""
"Horiz. %","18.47%","22.75%","21.48%","22.57%","38.88%","35.84%","45.61%","50.21%","52.27%","51.70%","55.33%","100.00%",""
"PBT","-17,312","3,045","25,762","-15,187","-47,968","-26,461","-22,928","-27,754","-39,731","8,782","29,261","28,385","-1.07%"
"YoY %","-668.54%","-88.18%","269.63%","68.34%","-81.28%","-15.41%","17.39%","30.15%","-552.41%","-69.99%","3.09%","-",""
"Horiz. %","-60.99%","10.73%","90.76%","-53.50%","-168.99%","-93.22%","-80.78%","-97.78%","-139.97%","30.94%","103.09%","100.00%",""
"Tax","-1,440","-39,843","-49,017","-23,142","34,691","9,838","-15,228","-4,221","-4,966","-5,158","-3,630","-4,672","29.82%"
"YoY %","96.39%","18.72%","-111.81%","-166.71%","252.62%","164.60%","-260.77%","15.00%","3.72%","-42.09%","22.30%","-",""
"Horiz. %","30.82%","852.80%","1,049.17%","495.33%","-742.53%","-210.57%","325.94%","90.35%","106.29%","110.40%","77.70%","100.00%",""
"NP","-18,752","-36,798","-23,255","-38,329","-13,277","-16,623","-38,156","-31,975","-44,697","3,624","25,631","23,713","-"
"YoY %","49.04%","-58.24%","39.33%","-188.69%","20.13%","56.43%","-19.33%","28.46%","-1,333.36%","-85.86%","8.09%","-",""
"Horiz. %","-79.08%","-155.18%","-98.07%","-161.64%","-55.99%","-70.10%","-160.91%","-134.84%","-188.49%","15.28%","108.09%","100.00%",""
"NP to SH","-17,960","-35,962","-22,345","-37,220","-13,135","-16,387","-38,476","-31,851","-45,749","3,624","25,631","23,011","-"
"YoY %","50.06%","-60.94%","39.97%","-183.37%","19.84%","57.41%","-20.80%","30.38%","-1,362.39%","-85.86%","11.39%","-",""
"Horiz. %","-78.05%","-156.28%","-97.11%","-161.75%","-57.08%","-71.21%","-167.21%","-138.42%","-198.81%","15.75%","111.39%","100.00%",""
"Tax Rate","-     %","1,308.47    %","190.27    %","-     %","-     %","-     %","-     %","-     %","-     %","58.73    %","12.41    %","16.46    %","31.23%"
"YoY %","0.00%","587.69%","0.00%","0.00%","0.00%","0.00%","0.00%","0.00%","0.00%","373.25%","-24.61%","-",""
"Horiz. %","0.00%","7,949.39%","1,155.95%","0.00%","0.00%","0.00%","0.00%","0.00%","0.00%","356.80%","75.39%","100.00%",""
"Total Cost","124,156","166,594","145,803","167,101","235,139","221,114","298,400","318,468","342,927","291,338","290,044","546,859","-13.65%"
"YoY %","-25.47%","14.26%","-12.75%","-28.94%","6.34%","-25.90%","-6.30%","-7.13%","17.71%","0.45%","-46.96%","-",""
"Horiz. %","22.70%","30.46%","26.66%","30.56%","43.00%","40.43%","54.57%","58.24%","62.71%","53.27%","53.04%","100.00%",""
"Net Worth","181,776","181,776","186,261","201,274","206,557","205,660","21,713,346","220,879","253,707","244,868","214,468","207,036","-1.17%"
"YoY %","0.00%","-2.41%","-7.46%","-2.56%","0.44%","-99.05%","9,730.42%","-12.94%","3.61%","14.17%","3.59%","-",""
"Horiz. %","87.80%","87.80%","89.97%","97.22%","99.77%","99.34%","10,487.68%","106.69%","122.54%","118.27%","103.59%","100.00%",""
"Div","-","0","-","-","-","-","-","-","-","-","-","-","-"
"YoY %","0.00%","0.00%","0.00%","0.00%","0.00%","0.00%","0.00%","0.00%","0.00%","0.00%","0.00%","-",""
"Horiz. %","-","-","-","-","-","-","-","-","-","-","-","-",""
"Div Payout %","-     %","-     %","-     %","-     %","-     %","-     %","-     %","-     %","-     %","-     %","-     %","-     %","-"
"YoY %","0.00%","0.00%","0.00%","0.00%","0.00%","0.00%","0.00%","0.00%","0.00%","0.00%","0.00%","-",""
"Horiz. %","-","-","-","-","-","-","-","-","-","-","-","-",""
"Net Worth","181,776","181,776","186,261","201,274","206,557","205,660","21,713,346","220,879","253,707","244,868","214,468","207,036","-1.17%"
"YoY %","0.00%","-2.41%","-7.46%","-2.56%","0.44%","-99.05%","9,730.42%","-12.94%","3.61%","14.17%","3.59%","-",""
"Horiz. %","87.80%","87.80%","89.97%","97.22%","99.77%","99.34%","10,487.68%","106.69%","122.54%","118.27%","103.59%","100.00%",""
"NOSH","622,948","622,948","622,948","622,948","621,226","633,775","622,337","623,072","622,748","710,588","623,091","623,604","-0.01%"
"YoY %","0.00%","0.00%","0.00%","0.28%","-1.98%","1.84%","-0.12%","0.05%","-12.36%","14.04%","-0.08%","-",""
"Horiz. %","99.89%","99.89%","99.89%","99.89%","99.62%","101.63%","99.80%","99.91%","99.86%","113.95%","99.92%","100.00%",""
"NP Margin","-17.79    %","-28.35    %","-18.98    %","-29.77    %","-5.98    %","-8.13    %","-14.66    %","-11.16    %","-14.99    %","1.23    %","8.12    %","4.16    %","-"
"YoY %","37.25%","-49.37%","36.24%","-397.83%","26.45%","44.54%","-31.36%","25.55%","-1,318.70%","-84.85%","95.19%","-",""
"Horiz. %","-427.64%","-681.49%","-456.25%","-715.63%","-143.75%","-195.43%","-352.40%","-268.27%","-360.34%","29.57%","195.19%","100.00%",""
"ROE","-9.88    %","-19.78    %","-12.00    %","-18.49    %","-6.36    %","-7.97    %","-0.18    %","-14.42    %","-18.03    %","1.48    %","11.95    %","11.11    %","-"
"YoY %","50.05%","-64.83%","35.10%","-190.72%","20.20%","-4,327.78%","98.75%","20.02%","-1,318.24%","-87.62%","7.56%","-",""
"Horiz. %","-88.93%","-178.04%","-108.01%","-166.43%","-57.25%","-71.74%","-1.62%","-129.79%","-162.29%","13.32%","107.56%","100.00%",""
"RPS","16.92","20.84","19.67","20.67","35.71","32.27","41.82","45.98","47.89","41.51","50.66","91.50","-15.69%"
"YoY %","-18.81%","5.95%","-4.84%","-42.12%","10.66%","-22.84%","-9.05%","-3.99%","15.37%","-18.06%","-44.63%","-",""
"Horiz. %","18.49%","22.78%","21.50%","22.59%","39.03%","35.27%","45.70%","50.25%","52.34%","45.37%","55.37%","100.00%",""
"EPS","-2.88","-5.77","-3.58","-5.98","-2.11","-2.63","-6.12","-5.16","-7.34","0.51","4.03","3.69","-"
"YoY %","50.09%","-61.17%","40.13%","-183.41%","19.77%","57.03%","-18.60%","29.70%","-1,539.22%","-87.34%","9.21%","-",""
"Horiz. %","-78.05%","-156.37%","-97.02%","-162.06%","-57.18%","-71.27%","-165.85%","-139.84%","-198.92%","13.82%","109.21%","100.00%",""
"DPS","0.00","0.00","0.00","0.00","0.00","0.00","0.00","0.00","0.00","0.00","0.00","0.00","-"
"YoY %","0.00%","0.00%","0.00%","0.00%","0.00%","0.00%","0.00%","0.00%","0.00%","0.00%","0.00%","-",""
"Horiz. %","-","-","-","-","-","-","-","-","-","-","-","-",""
"NAPS","0.2918","0.2918","0.2990","0.3231","0.3325","0.3245","34.8900","0.3545","0.4074","0.3446","0.3442","0.3320","-1.16%"
"YoY %","0.00%","-2.41%","-7.46%","-2.83%","2.47%","-99.07%","9,742.03%","-12.98%","18.22%","0.12%","3.67%","-",""
"Horiz. %","87.89%","87.89%","90.06%","97.32%","100.15%","97.74%","10,509.04%","106.78%","122.71%","103.80%","103.67%","100.00%",""
"RPS","16.92","20.84","19.67","20.67","35.61","32.83","41.78","45.99","47.87","47.35","50.67","91.59","-15.70%"
"YoY %","-18.81%","5.95%","-4.84%","-41.95%","8.47%","-21.42%","-9.15%","-3.93%","1.10%","-6.55%","-44.68%","-",""
"Horiz. %","18.47%","22.75%","21.48%","22.57%","38.88%","35.84%","45.62%","50.21%","52.27%","51.70%","55.32%","100.00%",""
"EPS","-2.88","-5.77","-3.58","-5.98","-2.11","-2.63","-6.18","-5.11","-7.34","0.58","4.11","3.69","-"
"YoY %","50.09%","-61.17%","40.13%","-183.41%","19.77%","57.44%","-20.94%","30.38%","-1,365.52%","-85.89%","11.38%","-",""
"Horiz. %","-78.05%","-156.37%","-97.02%","-162.06%","-57.18%","-71.27%","-167.48%","-138.48%","-198.92%","15.72%","111.38%","100.00%",""
"DPS","0.00","0.00","0.00","0.00","0.00","0.00","0.00","0.00","0.00","0.00","0.00","0.00","-"
"YoY %","0.00%","0.00%","0.00%","0.00%","0.00%","0.00%","0.00%","0.00%","0.00%","0.00%","0.00%","-",""
"Horiz. %","-","-","-","-","-","-","-","-","-","-","-","-",""
"NAPS","0.2918","0.2918","0.2990","0.3231","0.3316","0.3301","34.8558","0.3546","0.4073","0.3931","0.3443","0.3323","-1.17%"
"YoY %","0.00%","-2.41%","-7.46%","-2.56%","0.45%","-99.05%","9,729.61%","-12.94%","3.61%","14.17%","3.61%","-",""
"Horiz. %","87.81%","87.81%","89.98%","97.23%","99.79%","99.34%","10,489.26%","106.71%","122.57%","118.30%","103.61%","100.00%",""
"Date","AQR","T4Q","30/01/18","31/01/17","29/01/16","30/01/15","30/01/14","31/01/13","31/01/12","31/01/11","29/01/10","30/01/09","-"
"Price","0.2350","0.2350","0.3150","0.1750","0.1150","0.1950","0.1500","0.1500","0.2500","0.3800","0.2800","0.1600","-"
"P/RPS","1.39","1.13","1.60","0.85","0.32","0.60","0.36","0.33","0.52","0.92","0.55","0.17","28.27%"
"YoY %","23.01%","-29.38%","88.24%","165.63%","-46.67%","66.67%","9.09%","-36.54%","-43.48%","67.27%","223.53%","-",""
"Horiz. %","817.65%","664.71%","941.18%","500.00%","188.24%","352.94%","211.76%","194.12%","305.88%","541.18%","323.53%","100.00%",""
"P/EPS","-8.15","-4.07","-8.78","-2.93","-5.44","-7.54","-2.43","-2.93","-3.40","74.51","6.81","4.34","-"
"YoY %","-100.25%","53.64%","-199.66%","46.14%","27.85%","-210.29%","17.06%","13.82%","-104.56%","994.13%","56.91%","-",""
"Horiz. %","-187.79%","-93.78%","-202.30%","-67.51%","-125.35%","-173.73%","-55.99%","-67.51%","-78.34%","1,716.82%","156.91%","100.00%",""
"EY","-12.27","-24.57","-11.39","-34.14","-18.39","-13.26","-41.22","-34.08","-29.39","1.34","14.69","23.06","-"
"YoY %","50.06%","-115.72%","66.64%","-85.64%","-38.69%","67.83%","-20.95%","-15.96%","-2,293.28%","-90.88%","-36.30%","-",""
"Horiz. %","-53.21%","-106.55%","-49.39%","-148.05%","-79.75%","-57.50%","-178.75%","-147.79%","-127.45%","5.81%","63.70%","100.00%",""
"DY","0.00","0.00","0.00","0.00","0.00","0.00","0.00","0.00","0.00","0.00","0.00","0.00","-"
"YoY %","0.00%","0.00%","0.00%","0.00%","0.00%","0.00%","0.00%","0.00%","0.00%","0.00%","0.00%","-",""
"Horiz. %","-","-","-","-","-","-","-","-","-","-","-","-",""
"P/NAPS","0.81","0.81","1.05","0.54","0.35","0.60","0.00","0.42","0.61","1.10","0.81","0.48","9.08%"
"YoY %","0.00%","-22.86%","94.44%","54.29%","-41.67%","0.00%","0.00%","-31.15%","-44.55%","35.80%","68.75%","-",""
"Horiz. %","168.75%","168.75%","218.75%","112.50%","72.92%","125.00%","0.00%","87.50%","127.08%","229.17%","168.75%","100.00%",""
"Date","AQR","T4Q","21/03/18","20/03/17","25/03/16","24/03/15","31/03/14","27/03/13","30/03/12","30/03/11","24/03/10","30/03/09","-"
"Price","0.1600","0.1600","0.2850","0.2300","0.1150","0.1950","0.1650","0.1350","0.2300","0.3700","0.3100","0.1700","-"
"P/RPS","0.95","0.77","1.45","1.11","0.32","0.60","0.39","0.29","0.48","0.89","0.61","0.19","25.32%"
"YoY %","23.38%","-46.90%","30.63%","246.88%","-46.67%","53.85%","34.48%","-39.58%","-46.07%","45.90%","221.05%","-",""
"Horiz. %","500.00%","405.26%","763.16%","584.21%","168.42%","315.79%","205.26%","152.63%","252.63%","468.42%","321.05%","100.00%",""
"P/EPS","-5.55","-2.77","-7.95","-3.85","-5.44","-7.54","-2.67","-2.64","-3.13","72.55","7.54","4.61","-"
"YoY %","-100.36%","65.16%","-106.49%","29.23%","27.85%","-182.40%","-1.14%","15.65%","-104.31%","862.20%","63.56%","-",""
"Horiz. %","-120.39%","-60.09%","-172.45%","-83.51%","-118.00%","-163.56%","-57.92%","-57.27%","-67.90%","1,573.75%","163.56%","100.00%",""
"EY","-18.02","-36.08","-12.59","-25.98","-18.39","-13.26","-37.47","-37.87","-31.94","1.38","13.27","21.71","-"
"YoY %","50.06%","-186.58%","51.54%","-41.27%","-38.69%","64.61%","1.06%","-18.57%","-2,414.49%","-89.60%","-38.88%","-",""
"Horiz. %","-83.00%","-166.19%","-57.99%","-119.67%","-84.71%","-61.08%","-172.59%","-174.44%","-147.12%","6.36%","61.12%","100.00%",""
"DY","0.00","0.00","0.00","0.00","0.00","0.00","0.00","0.00","0.00","0.00","0.00","0.00","-"
"YoY %","0.00%","0.00%","0.00%","0.00%","0.00%","0.00%","0.00%","0.00%","0.00%","0.00%","0.00%","-",""
"Horiz. %","-","-","-","-","-","-","-","-","-","-","-","-",""
"P/NAPS","0.55","0.55","0.95","0.71","0.35","0.60","0.00","0.38","0.56","1.07","0.90","0.51","7.15%"
"YoY %","0.00%","-42.11%","33.80%","102.86%","-41.67%","0.00%","0.00%","-32.14%","-47.66%","18.89%","76.47%","-",""
"Horiz. %","107.84%","107.84%","186.27%","139.22%","68.63%","117.65%","0.00%","74.51%","109.80%","209.80%","176.47%","100.00%",""

