Column1,AQR,T4Q,31/03/18,31/03/17,31/03/16,31/03/15,31/03/14,31/03/13,31/03/12,31/03/11,31/03/10,31/03/09,CAGR
"Revenue","118,270","154,485","193,560","268,328","154,905","230,312","284,191","103,238","88,610","36,453","101,643","83,407","9.80%"
"YoY %","-23.44%","-20.19%","-27.86%","73.22%","-32.74%","-18.96%","175.28%","16.51%","143.08%","-64.14%","21.86%","-",""
"Horiz. %","141.80%","185.22%","232.07%","321.71%","185.72%","276.13%","340.73%","123.78%","106.24%","43.70%","121.86%","100.00%",""
"PBT","20,212","55,393","63,645","14,693","88,076","528,544","43,367","6,291","7,763","8,068","27,687","7,880","26.11%"
"YoY %","-63.51%","-12.97%","333.17%","-83.32%","-83.34%","1,118.77%","589.35%","-18.96%","-3.78%","-70.86%","251.36%","-",""
"Horiz. %","256.50%","702.96%","807.68%","186.46%","1,117.72%","6,707.41%","550.34%","79.84%","98.52%","102.39%","351.36%","100.00%",""
"Tax","-5,234","-17,532","-19,130","-5,908","-14,465","-151,265","-2,538","11,269","7,888","3,214","-7,386","-6,740","12.28%"
"YoY %","70.14%","8.35%","-223.80%","59.16%","90.44%","-5,860.01%","-122.52%","42.86%","145.43%","143.51%","-9.58%","-",""
"Horiz. %","77.67%","260.12%","283.83%","87.66%","214.61%","2,244.29%","37.66%","-167.20%","-117.03%","-47.69%","109.58%","100.00%",""
"NP","14,977","37,861","44,515","8,785","73,611","377,279","40,829","17,560","15,651","11,282","20,301","1,140","50.22%"
"YoY %","-60.44%","-14.95%","406.72%","-88.07%","-80.49%","824.05%","132.51%","12.20%","38.73%","-44.43%","1,680.79%","-",""
"Horiz. %","1,313.80%","3,321.14%","3,904.82%","770.61%","6,457.11%","33,094.65%","3,581.49%","1,540.35%","1,372.89%","989.65%","1,780.79%","100.00%",""
"NP to SH","14,977","37,861","44,395","8,817","73,634","377,291","40,832","17,628","15,702","11,285","20,297","1,142","50.15%"
"YoY %","-60.44%","-14.72%","403.52%","-88.03%","-80.48%","824.01%","131.63%","12.27%","39.14%","-44.40%","1,677.32%","-",""
"Horiz. %","1,311.50%","3,315.32%","3,887.48%","772.07%","6,447.81%","33,037.74%","3,575.48%","1,543.61%","1,374.96%","988.18%","1,777.32%","100.00%",""
"Tax Rate","25.90    %","31.65    %","30.06    %","40.21    %","16.42    %","28.62    %","5.85    %","-179.13    %","-101.61    %","-39.84    %","26.68    %","85.53    %","-10.96%"
"YoY %","-18.17%","5.29%","-25.24%","144.88%","-42.63%","389.23%","103.27%","-76.29%","-155.05%","-249.33%","-68.81%","-",""
"Horiz. %","30.28%","37.00%","35.15%","47.01%","19.20%","33.46%","6.84%","-209.44%","-118.80%","-46.58%","31.19%","100.00%",""
"Total Cost","103,293","116,624","149,045","259,543","81,294","-146,967","243,362","85,678","72,959","25,171","81,342","82,267","6.82%"
"YoY %","-11.43%","-21.75%","-42.57%","219.26%","155.31%","-160.39%","184.04%","17.43%","189.85%","-69.06%","-1.12%","-",""
"Horiz. %","125.56%","141.76%","181.17%","315.49%","98.82%","-178.65%","295.82%","104.15%","88.69%","30.60%","98.88%","100.00%",""
"Net Worth","1,443,072","1,443,072","991,713","859,871","862,564","785,735","409,447","343,180","321,842","312,505","282,303","271,833","15.46%"
"YoY %","0.00%","45.51%","15.33%","-0.31%","9.78%","91.90%","19.31%","6.63%","2.99%","10.70%","3.85%","-",""
"Horiz. %","530.87%","530.87%","364.82%","316.32%","317.31%","289.05%","150.62%","126.25%","118.40%","114.96%","103.85%","100.00%",""
"Div","-","0","-","-","-","2,957","-","-","-","-","-","-","-"
"YoY %","0.00%","0.00%","0.00%","0.00%","0.00%","0.00%","0.00%","0.00%","0.00%","0.00%","0.00%","-",""
"Horiz. %","0.00%","0.00%","0.00%","0.00%","0.00%","100.00%","-","-","-","-","-","-",""
"Div Payout %","-     %","-     %","-     %","-     %","-     %","0.78    %","-     %","-     %","-     %","-     %","-     %","-     %","-"
"YoY %","0.00%","0.00%","0.00%","0.00%","0.00%","0.00%","0.00%","0.00%","0.00%","0.00%","0.00%","-",""
"Horiz. %","0.00%","0.00%","0.00%","0.00%","0.00%","100.00%","-","-","-","-","-","-",""
"Net Worth","1,443,072","1,443,072","991,713","859,871","862,564","785,735","409,447","343,180","321,842","312,505","282,303","271,833","15.46%"
"YoY %","0.00%","45.51%","15.33%","-0.31%","9.78%","91.90%","19.31%","6.63%","2.99%","10.70%","3.85%","-",""
"Horiz. %","530.87%","530.87%","364.82%","316.32%","317.31%","289.05%","150.62%","126.25%","118.40%","114.96%","103.85%","100.00%",""
"NOSH","1,487,704","1,487,704","1,031,960","991,777","992,594","985,866","974,874","977,722","975,279","976,581","973,461","970,833","0.68%"
"YoY %","0.00%","44.16%","4.05%","-0.08%","0.68%","1.13%","-0.29%","0.25%","-0.13%","0.32%","0.27%","-",""
"Horiz. %","153.24%","153.24%","106.30%","102.16%","102.24%","101.55%","100.42%","100.71%","100.46%","100.59%","100.27%","100.00%",""
"NP Margin","12.66    %","24.51    %","23.00    %","3.27    %","47.52    %","163.81    %","14.37    %","17.01    %","17.66    %","30.95    %","19.97    %","1.37    %","36.78%"
"YoY %","-48.35%","6.57%","603.36%","-93.12%","-70.99%","1,039.94%","-15.52%","-3.68%","-42.94%","54.98%","1,357.66%","-",""
"Horiz. %","924.09%","1,789.05%","1,678.83%","238.69%","3,468.61%","11,956.93%","1,048.91%","1,241.61%","1,289.05%","2,259.12%","1,457.66%","100.00%",""
"ROE","1.04    %","2.62    %","4.48    %","1.03    %","8.54    %","48.02    %","9.97    %","5.14    %","4.88    %","3.61    %","7.19    %","0.42    %","30.06%"
"YoY %","-60.31%","-41.52%","334.95%","-87.94%","-82.22%","381.64%","93.97%","5.33%","35.18%","-49.79%","1,611.90%","-",""
"Horiz. %","247.62%","623.81%","1,066.67%","245.24%","2,033.33%","11,433.33%","2,373.81%","1,223.81%","1,161.90%","859.52%","1,711.90%","100.00%",""
"RPS","7.95","10.38","18.76","27.06","15.61","23.36","29.15","10.56","9.09","3.73","10.44","8.59","9.06%"
"YoY %","-23.41%","-44.67%","-30.67%","73.35%","-33.18%","-19.86%","176.04%","16.17%","143.70%","-64.27%","21.54%","-",""
"Horiz. %","92.55%","120.84%","218.39%","315.02%","181.72%","271.94%","339.35%","122.93%","105.82%","43.42%","121.54%","100.00%",""
"EPS","1.44","2.54","4.36","0.89","7.40","38.27","4.00","1.81","1.61","1.16","2.08","0.12","49.03%"
"YoY %","-43.31%","-41.74%","389.89%","-87.97%","-80.66%","856.75%","120.99%","12.42%","38.79%","-44.23%","1,633.33%","-",""
"Horiz. %","1,200.00%","2,116.67%","3,633.33%","741.67%","6,166.67%","31,891.67%","3,333.33%","1,508.33%","1,341.67%","966.67%","1,733.33%","100.00%",""
"DPS","0.00","0.00","0.00","0.00","0.00","0.30","0.00","0.00","0.00","0.00","0.00","0.00","-"
"YoY %","0.00%","0.00%","0.00%","0.00%","0.00%","0.00%","0.00%","0.00%","0.00%","0.00%","0.00%","-",""
"Horiz. %","0.00%","0.00%","0.00%","0.00%","0.00%","100.00%","-","-","-","-","-","-",""
"NAPS","0.9700","0.9700","0.9610","0.8670","0.8690","0.7970","0.4200","0.3510","0.3300","0.3200","0.2900","0.2800","14.68%"
"YoY %","0.00%","0.94%","10.84%","-0.23%","9.03%","89.76%","19.66%","6.36%","3.13%","10.34%","3.57%","-",""
"Horiz. %","346.43%","346.43%","343.21%","309.64%","310.36%","284.64%","150.00%","125.36%","117.86%","114.29%","103.57%","100.00%",""
"RPS","11.40","14.90","18.66","25.87","14.94","22.21","27.40","9.95","8.54","3.51","9.80","8.04","9.80%"
"YoY %","-23.49%","-20.15%","-27.87%","73.16%","-32.73%","-18.94%","175.38%","16.51%","143.30%","-64.18%","21.89%","-",""
"Horiz. %","141.79%","185.32%","232.09%","321.77%","185.82%","276.24%","340.80%","123.76%","106.22%","43.66%","121.89%","100.00%",""
"EPS","1.44","3.65","4.28","0.85","7.10","36.38","3.94","1.70","1.51","1.09","1.96","0.11","50.16%"
"YoY %","-60.55%","-14.72%","403.53%","-88.03%","-80.48%","823.35%","131.76%","12.58%","38.53%","-44.39%","1,681.82%","-",""
"Horiz. %","1,309.09%","3,318.18%","3,890.91%","772.73%","6,454.55%","33,072.73%","3,581.82%","1,545.45%","1,372.73%","990.91%","1,781.82%","100.00%",""
"DPS","0.00","0.00","0.00","0.00","0.00","0.29","0.00","0.00","0.00","0.00","0.00","0.00","-"
"YoY %","0.00%","0.00%","0.00%","0.00%","0.00%","0.00%","0.00%","0.00%","0.00%","0.00%","0.00%","-",""
"Horiz. %","0.00%","0.00%","0.00%","0.00%","0.00%","100.00%","-","-","-","-","-","-",""
"NAPS","1.3914","1.3914","0.9562","0.8291","0.8317","0.7576","0.3948","0.3309","0.3103","0.3013","0.2722","0.2621","15.46%"
"YoY %","0.00%","45.51%","15.33%","-0.31%","9.78%","91.89%","19.31%","6.64%","2.99%","10.69%","3.85%","-",""
"Horiz. %","530.87%","530.87%","364.82%","316.33%","317.32%","289.05%","150.63%","126.25%","118.39%","114.96%","103.85%","100.00%",""
"Date","AQR","T4Q","30/03/18","31/03/17","31/03/16","31/03/15","31/03/14","29/03/13","30/03/12","31/03/11","31/03/10","31/03/09","-"
"Price","0.1150","0.1150","0.1500","0.1900","0.1900","0.2300","0.2000","0.1100","0.1100","0.1000","0.0900","0.0600","-"
"P/RPS","1.45","1.11","0.80","0.70","1.22","0.98","0.69","1.04","1.21","2.68","0.86","0.70","1.49%"
"YoY %","30.63%","38.75%","14.29%","-42.62%","24.49%","42.03%","-33.65%","-14.05%","-54.85%","211.63%","22.86%","-",""
"Horiz. %","207.14%","158.57%","114.29%","100.00%","174.29%","140.00%","98.57%","148.57%","172.86%","382.86%","122.86%","100.00%",""
"P/EPS","11.42","4.52","3.49","21.37","2.56","0.60","4.78","6.10","6.83","8.65","4.32","51.01","-25.76%"
"YoY %","152.65%","29.51%","-83.67%","734.77%","326.67%","-87.45%","-21.64%","-10.69%","-21.04%","100.23%","-91.53%","-",""
"Horiz. %","22.39%","8.86%","6.84%","41.89%","5.02%","1.18%","9.37%","11.96%","13.39%","16.96%","8.47%","100.00%",""
"EY","8.75","22.13","28.68","4.68","39.04","166.39","20.94","16.39","14.64","11.56","23.17","1.96","34.71%"
"YoY %","-60.46%","-22.84%","512.82%","-88.01%","-76.54%","694.60%","27.76%","11.95%","26.64%","-50.11%","1,082.14%","-",""
"Horiz. %","446.43%","1,129.08%","1,463.27%","238.78%","1,991.84%","8,489.29%","1,068.37%","836.22%","746.94%","589.80%","1,182.14%","100.00%",""
"DY","0.00","0.00","0.00","0.00","0.00","1.30","0.00","0.00","0.00","0.00","0.00","0.00","-"
"YoY %","0.00%","0.00%","0.00%","0.00%","0.00%","0.00%","0.00%","0.00%","0.00%","0.00%","0.00%","-",""
"Horiz. %","0.00%","0.00%","0.00%","0.00%","0.00%","100.00%","-","-","-","-","-","-",""
"P/NAPS","0.12","0.12","0.16","0.22","0.22","0.29","0.48","0.31","0.33","0.31","0.31","0.21","-2.97%"
"YoY %","0.00%","-25.00%","-27.27%","0.00%","-24.14%","-39.58%","54.84%","-6.06%","6.45%","0.00%","47.62%","-",""
"Horiz. %","57.14%","57.14%","76.19%","104.76%","104.76%","138.10%","228.57%","147.62%","157.14%","147.62%","147.62%","100.00%",""
"Date","AQR","T4Q","28/05/18","31/05/17","30/05/16","28/05/15","22/05/14","28/05/13","28/05/12","24/05/11","27/05/10","26/05/09","-"
"Price","0.1200","0.1200","0.1500","0.1700","0.1800","0.2500","0.2700","0.1250","0.1000","0.1000","0.0800","0.1000","-"
"P/RPS","1.51","1.16","0.80","0.63","1.15","1.07","0.93","1.18","1.10","2.68","0.77","1.16","-4.04%"
"YoY %","30.17%","45.00%","26.98%","-45.22%","7.48%","15.05%","-21.19%","7.27%","-58.96%","248.05%","-33.62%","-",""
"Horiz. %","130.17%","100.00%","68.97%","54.31%","99.14%","92.24%","80.17%","101.72%","94.83%","231.03%","66.38%","100.00%",""
"P/EPS","11.92","4.72","3.49","19.12","2.43","0.65","6.45","6.93","6.21","8.65","3.84","85.01","-29.85%"
"YoY %","152.54%","35.24%","-81.75%","686.83%","273.85%","-89.92%","-6.93%","11.59%","-28.21%","125.26%","-95.48%","-",""
"Horiz. %","14.02%","5.55%","4.11%","22.49%","2.86%","0.76%","7.59%","8.15%","7.31%","10.18%","4.52%","100.00%",""
"EY","8.39","21.21","28.68","5.23","41.21","153.08","15.51","14.42","16.10","11.56","26.06","1.18","42.52%"
"YoY %","-60.44%","-26.05%","448.37%","-87.31%","-73.08%","886.98%","7.56%","-10.43%","39.27%","-55.64%","2,108.47%","-",""
"Horiz. %","711.02%","1,797.46%","2,430.51%","443.22%","3,492.37%","12,972.88%","1,314.41%","1,222.03%","1,364.41%","979.66%","2,208.47%","100.00%",""
"DY","0.00","0.00","0.00","0.00","0.00","1.20","0.00","0.00","0.00","0.00","0.00","0.00","-"
"YoY %","0.00%","0.00%","0.00%","0.00%","0.00%","0.00%","0.00%","0.00%","0.00%","0.00%","0.00%","-",""
"Horiz. %","0.00%","0.00%","0.00%","0.00%","0.00%","100.00%","-","-","-","-","-","-",""
"P/NAPS","0.12","0.12","0.16","0.20","0.21","0.31","0.64","0.36","0.30","0.31","0.28","0.36","-8.61%"
"YoY %","0.00%","-25.00%","-20.00%","-4.76%","-32.26%","-51.56%","77.78%","20.00%","-3.23%","10.71%","-22.22%","-",""
"Horiz. %","33.33%","33.33%","44.44%","55.56%","58.33%","86.11%","177.78%","100.00%","83.33%","86.11%","77.78%","100.00%",""

