Column1,AQR,T4Q,31/12/17,31/12/16,31/12/15,31/12/14,31/12/13,31/12/12,31/12/11,31/12/10,31/12/09,31/12/08,CAGR
"Revenue","9,597,992","9,504,389","9,328,709","8,931,617","8,395,906","8,229,433","8,327,537","7,892,865","8,493,686","5,333,103","4,991,765","4,886,703","7.44%"
"YoY %","0.98%","1.88%","4.45%","6.38%","2.02%","-1.18%","5.51%","-7.07%","59.26%","6.84%","2.15%","-",""
"Horiz. %","196.41%","194.49%","190.90%","182.77%","171.81%","168.40%","170.41%","161.52%","173.81%","109.13%","102.15%","100.00%",""
"PBT","1,590,052","1,371,445","1,318,258","3,090,592","1,529,967","1,524,506","1,766,493","1,817,230","1,900,648","1,731,452","1,764,593","1,127,010","1.76%"
"YoY %","15.94%","4.03%","-57.35%","102.00%","0.36%","-13.70%","-2.79%","-4.39%","9.77%","-1.88%","56.57%","-",""
"Horiz. %","141.09%","121.69%","116.97%","274.23%","135.75%","135.27%","156.74%","161.24%","168.65%","153.63%","156.57%","100.00%",""
"Tax","-221,788","-253,227","-247,220","-289,895","-286,968","-384,220","-182,442","-414,729","-472,771","-455,112","-441,310","-493,024","-7.38%"
"YoY %","12.42%","-2.43%","14.72%","-1.02%","25.31%","-110.60%","56.01%","12.28%","-3.88%","-3.13%","10.49%","-",""
"Horiz. %","44.99%","51.36%","50.14%","58.80%","58.21%","77.93%","37.00%","84.12%","95.89%","92.31%","89.51%","100.00%",""
"NP","1,368,264","1,118,218","1,071,038","2,800,697","1,242,999","1,140,286","1,584,051","1,402,501","1,427,877","1,276,340","1,323,283","633,986","6.00%"
"YoY %","22.36%","4.41%","-61.76%","125.32%","9.01%","-28.01%","12.94%","-1.78%","11.87%","-3.55%","108.72%","-",""
"Horiz. %","215.82%","176.38%","168.94%","441.76%","196.06%","179.86%","249.86%","221.22%","225.22%","201.32%","208.72%","100.00%",""
"NP to SH","1,432,948","1,194,419","1,159,697","2,880,078","1,257,877","1,188,677","1,602,995","1,402,501","1,427,877","1,276,596","1,323,701","634,389","6.93%"
"YoY %","19.97%","2.99%","-59.73%","128.96%","5.82%","-25.85%","14.30%","-1.78%","11.85%","-3.56%","108.66%","-",""
"Horiz. %","225.88%","188.28%","182.81%","453.99%","198.28%","187.37%","252.68%","221.08%","225.08%","201.23%","208.66%","100.00%",""
"Tax Rate","13.95    %","18.46    %","18.75    %","9.38    %","18.76    %","25.20    %","10.33    %","22.82    %","24.87    %","26.28    %","25.01    %","43.75    %","-8.98%"
"YoY %","-24.43%","-1.55%","99.89%","-50.00%","-25.56%","143.95%","-54.73%","-8.24%","-5.37%","5.08%","-42.83%","-",""
"Horiz. %","31.89%","42.19%","42.86%","21.44%","42.88%","57.60%","23.61%","52.16%","56.85%","60.07%","57.17%","100.00%",""
"Total Cost","8,229,728","8,386,171","8,257,671","6,130,920","7,152,907","7,089,147","6,743,486","6,490,364","7,065,809","4,056,763","3,668,482","4,252,717","7.65%"
"YoY %","-1.87%","1.56%","34.69%","-14.29%","0.90%","5.13%","3.90%","-8.14%","74.17%","10.58%","-13.74%","-",""
"Horiz. %","193.52%","197.20%","194.17%","144.16%","168.20%","166.70%","158.57%","152.62%","166.15%","95.39%","86.26%","100.00%",""
"Net Worth","18,888,958","18,888,958","1,532,409","19,856,161","19,086,202","16,332,967","15,485,408","13,146,675","11,946,155","11,662,306","10,164,744","8,317,034","-17.12%"
"YoY %","0.00%","1,132.63%","-92.28%","4.03%","16.86%","5.47%","17.79%","10.05%","2.43%","14.73%","22.22%","-",""
"Horiz. %","227.11%","227.11%","18.42%","238.74%","229.48%","196.38%","186.19%","158.07%","143.63%","140.22%","122.22%","100.00%",""
"Div","-","284,944","76,395","933,409","402,112","368,625","465,129","498,667","486,904","455,114","416,868","401,512","-16.83%"
"YoY %","0.00%","272.99%","-91.82%","132.13%","9.08%","-20.75%","-6.73%","2.42%","6.99%","9.17%","3.82%","-",""
"Horiz. %","0.00%","70.97%","19.03%","232.47%","100.15%","91.81%","115.84%","124.20%","121.27%","113.35%","103.82%","100.00%",""
"Div Payout %","-     %","23.86    %","6.59    %","32.41    %","31.97    %","31.01    %","29.02    %","35.56    %","34.10    %","35.65    %","31.49    %","63.29    %","-22.21%"
"YoY %","0.00%","262.06%","-79.67%","1.38%","3.10%","6.86%","-18.39%","4.28%","-4.35%","13.21%","-50.24%","-",""
"Horiz. %","0.00%","37.70%","10.41%","51.21%","50.51%","49.00%","45.85%","56.19%","53.88%","56.33%","49.76%","100.00%",""
"Net Worth","18,888,958","18,888,958","1,532,409","19,856,161","19,086,202","16,332,967","15,485,408","13,146,675","11,946,155","11,662,306","10,164,744","8,317,034","-17.12%"
"YoY %","0.00%","1,132.63%","-92.28%","4.03%","16.86%","5.47%","17.79%","10.05%","2.43%","14.73%","22.22%","-",""
"Horiz. %","227.11%","227.11%","18.42%","238.74%","229.48%","196.38%","186.19%","158.07%","143.63%","140.22%","122.22%","100.00%",""
"NOSH","5,655,377","5,655,377","449,387","5,657,026","5,663,561","5,671,169","5,672,310","5,666,670","5,661,685","5,688,930","5,710,530","5,735,885","-24.63%"
"YoY %","0.00%","1,158.46%","-92.06%","-0.12%","-0.13%","-0.02%","0.10%","0.09%","-0.48%","-0.38%","-0.44%","-",""
"Horiz. %","98.60%","98.60%","7.83%","98.63%","98.74%","98.87%","98.89%","98.79%","98.71%","99.18%","99.56%","100.00%",""
"NP Margin","14.26    %","11.77    %","11.48    %","31.36    %","14.80    %","13.86    %","19.02    %","17.77    %","16.81    %","23.93    %","26.51    %","12.97    %","-1.35%"
"YoY %","21.16%","2.53%","-63.39%","111.89%","6.78%","-27.13%","7.03%","5.71%","-29.75%","-9.73%","104.39%","-",""
"Horiz. %","109.95%","90.75%","88.51%","241.79%","114.11%","106.86%","146.65%","137.01%","129.61%","184.50%","204.39%","100.00%",""
"ROE","7.59    %","6.32    %","75.68    %","14.50    %","6.59    %","7.28    %","10.35    %","10.67    %","11.95    %","10.95    %","13.02    %","7.63    %","29.02%"
"YoY %","20.09%","-91.65%","421.93%","120.03%","-9.48%","-29.66%","-3.00%","-10.71%","9.13%","-15.90%","70.64%","-",""
"Horiz. %","99.48%","82.83%","991.87%","190.04%","86.37%","95.41%","135.65%","139.84%","156.62%","143.51%","170.64%","100.00%",""
"RPS","169.71","168.06","2,075.87","157.89","148.24","145.11","146.81","139.29","150.02","93.75","87.41","85.20","42.56%"
"YoY %","0.98%","-91.90%","1,214.76%","6.51%","2.16%","-1.16%","5.40%","-7.15%","60.02%","7.25%","2.59%","-",""
"Horiz. %","199.19%","197.25%","2,436.47%","185.32%","173.99%","170.32%","172.31%","163.49%","176.08%","110.04%","102.59%","100.00%",""
"EPS","25.32","21.12","20.48","50.91","22.21","20.96","28.26","24.75","25.22","22.44","23.18","11.06","7.08%"
"YoY %","19.89%","3.13%","-59.77%","129.22%","5.96%","-25.83%","14.18%","-1.86%","12.39%","-3.19%","109.58%","-",""
"Horiz. %","228.93%","190.96%","185.17%","460.31%","200.81%","189.51%","255.52%","223.78%","228.03%","202.89%","209.58%","100.00%",""
"DPS","0.00","5.04","17.00","16.50","7.10","6.50","8.20","8.80","8.60","8.00","7.30","7.00","10.35%"
"YoY %","0.00%","-70.35%","3.03%","132.39%","9.23%","-20.73%","-6.82%","2.33%","7.50%","9.59%","4.29%","-",""
"Horiz. %","0.00%","72.00%","242.86%","235.71%","101.43%","92.86%","117.14%","125.71%","122.86%","114.29%","104.29%","100.00%",""
"NAPS","3.3400","3.3400","3.4100","3.5100","3.3700","2.8800","2.7300","2.3200","2.1100","2.0500","1.7800","1.4500","9.96%"
"YoY %","0.00%","-2.05%","-2.85%","4.15%","17.01%","5.49%","17.67%","9.95%","2.93%","15.17%","22.76%","-",""
"Horiz. %","230.34%","230.34%","235.17%","242.07%","232.41%","198.62%","188.28%","160.00%","145.52%","141.38%","122.76%","100.00%",""
"RPS","161.64","160.06","157.10","150.41","141.39","138.59","140.24","132.92","143.04","89.81","84.06","82.29","7.44%"
"YoY %","0.99%","1.88%","4.45%","6.38%","2.02%","-1.18%","5.51%","-7.07%","59.27%","6.84%","2.15%","-",""
"Horiz. %","196.43%","194.51%","190.91%","182.78%","171.82%","168.42%","170.42%","161.53%","173.82%","109.14%","102.15%","100.00%",""
"EPS","24.13","20.11","19.53","48.50","21.18","20.02","27.00","23.62","24.05","21.50","22.29","10.68","6.93%"
"YoY %","19.99%","2.97%","-59.73%","128.99%","5.79%","-25.85%","14.31%","-1.79%","11.86%","-3.54%","108.71%","-",""
"Horiz. %","225.94%","188.30%","182.87%","454.12%","198.31%","187.45%","252.81%","221.16%","225.19%","201.31%","208.71%","100.00%",""
"DPS","0.00","4.80","1.29","15.72","6.77","6.21","7.83","8.40","8.20","7.66","7.02","6.76","-16.80%"
"YoY %","0.00%","272.09%","-91.79%","132.20%","9.02%","-20.69%","-6.79%","2.44%","7.05%","9.12%","3.85%","-",""
"Horiz. %","0.00%","71.01%","19.08%","232.54%","100.15%","91.86%","115.83%","124.26%","121.30%","113.31%","103.85%","100.00%",""
"NAPS","3.1810","3.1810","0.2581","3.3439","3.2142","2.7506","2.6078","2.2140","2.0118","1.9640","1.7118","1.4006","-17.12%"
"YoY %","0.00%","1,132.47%","-92.28%","4.04%","16.85%","5.48%","17.79%","10.05%","2.43%","14.73%","22.22%","-",""
"Horiz. %","227.12%","227.12%","18.43%","238.75%","229.49%","196.39%","186.19%","158.08%","143.64%","140.23%","122.22%","100.00%",""
"Date","AQR","T4Q","29/12/17","30/12/16","31/12/15","31/12/14","31/12/13","31/12/12","30/12/11","30/12/10","31/12/09","31/12/08","-"
"Price","4.9000","4.9000","5.6300","4.5800","4.3800","4.0700","4.3800","3.5500","3.8300","3.3900","2.8100","2.2600","-"
"P/RPS","2.89","2.92","0.27","2.90","2.95","2.80","2.98","2.55","2.55","3.62","3.21","2.65","-22.40%"
"YoY %","-1.03%","981.48%","-90.69%","-1.69%","5.36%","-6.04%","16.86%","0.00%","-29.56%","12.77%","21.13%","-",""
"Horiz. %","109.06%","110.19%","10.19%","109.43%","111.32%","105.66%","112.45%","96.23%","96.23%","136.60%","121.13%","100.00%",""
"P/EPS","19.34","23.20","2.18","9.00","19.72","19.42","15.50","14.34","15.19","15.11","12.12","20.43","-22.00%"
"YoY %","-16.64%","964.22%","-75.78%","-54.36%","1.54%","25.29%","8.09%","-5.60%","0.53%","24.67%","-40.68%","-",""
"Horiz. %","94.66%","113.56%","10.67%","44.05%","96.52%","95.06%","75.87%","70.19%","74.35%","73.96%","59.32%","100.00%",""
"EY","5.17","4.31","45.84","11.12","5.07","5.15","6.45","6.97","6.58","6.62","8.25","4.89","28.21%"
"YoY %","19.95%","-90.60%","312.23%","119.33%","-1.55%","-20.16%","-7.46%","5.93%","-0.60%","-19.76%","68.71%","-",""
"Horiz. %","105.73%","88.14%","937.42%","227.40%","103.68%","105.32%","131.90%","142.54%","134.56%","135.38%","168.71%","100.00%",""
"DY","0.00","1.03","3.02","3.60","1.62","1.60","1.87","2.48","2.25","2.36","2.60","3.10","-0.29%"
"YoY %","0.00%","-65.89%","-16.11%","122.22%","1.25%","-14.44%","-24.60%","10.22%","-4.66%","-9.23%","-16.13%","-",""
"Horiz. %","0.00%","33.23%","97.42%","116.13%","52.26%","51.61%","60.32%","80.00%","72.58%","76.13%","83.87%","100.00%",""
"P/NAPS","1.47","1.47","1.65","1.30","1.30","1.41","1.60","1.53","1.82","1.65","1.58","1.56","0.62%"
"YoY %","0.00%","-10.91%","26.92%","0.00%","-7.80%","-11.88%","4.58%","-15.93%","10.30%","4.43%","1.28%","-",""
"Horiz. %","94.23%","94.23%","105.77%","83.33%","83.33%","90.38%","102.56%","98.08%","116.67%","105.77%","101.28%","100.00%",""
"Date","AQR","T4Q","27/02/18","23/02/17","23/02/16","26/02/15","27/02/14","28/02/13","28/02/12","23/02/11","25/02/10","25/02/09","-"
"Price","4.9300","4.9300","5.2700","5.4700","4.3600","4.1100","4.3100","3.7000","3.8000","3.3100","2.7200","2.2400","-"
"P/RPS","2.90","2.93","0.25","3.46","2.94","2.83","2.94","2.66","2.53","3.53","3.11","2.63","-23.00%"
"YoY %","-1.02%","1,072.00%","-92.77%","17.69%","3.89%","-3.74%","10.53%","5.14%","-28.33%","13.50%","18.25%","-",""
"Horiz. %","110.27%","111.41%","9.51%","131.56%","111.79%","107.60%","111.79%","101.14%","96.20%","134.22%","118.25%","100.00%",""
"P/EPS","19.46","23.34","2.04","10.74","19.63","19.61","15.25","14.95","15.07","14.75","11.73","20.25","-22.50%"
"YoY %","-16.62%","1,044.12%","-81.01%","-45.29%","0.10%","28.59%","2.01%","-0.80%","2.17%","25.75%","-42.07%","-",""
"Horiz. %","96.10%","115.26%","10.07%","53.04%","96.94%","96.84%","75.31%","73.83%","74.42%","72.84%","57.93%","100.00%",""
"EY","5.14","4.28","48.97","9.31","5.09","5.10","6.56","6.69","6.64","6.78","8.52","4.94","29.01%"
"YoY %","20.09%","-91.26%","425.99%","82.91%","-0.20%","-22.26%","-1.94%","0.75%","-2.06%","-20.42%","72.47%","-",""
"Horiz. %","104.05%","86.64%","991.30%","188.46%","103.04%","103.24%","132.79%","135.43%","134.41%","137.25%","172.47%","100.00%",""
"DY","0.00","1.02","3.23","3.02","1.63","1.58","1.90","2.38","2.26","2.42","2.68","3.13","0.35%"
"YoY %","0.00%","-68.42%","6.95%","85.28%","3.16%","-16.84%","-20.17%","5.31%","-6.61%","-9.70%","-14.38%","-",""
"Horiz. %","0.00%","32.59%","103.19%","96.49%","52.08%","50.48%","60.70%","76.04%","72.20%","77.32%","85.62%","100.00%",""
"P/NAPS","1.48","1.48","1.55","1.56","1.29","1.43","1.58","1.59","1.80","1.61","1.53","1.54","0.07%"
"YoY %","0.00%","-4.52%","-0.64%","20.93%","-9.79%","-9.49%","-0.63%","-11.67%","11.80%","5.23%","-0.65%","-",""
"Horiz. %","96.10%","96.10%","100.65%","101.30%","83.77%","92.86%","102.60%","103.25%","116.88%","104.55%","99.35%","100.00%",""

