Column1,AQR,T4Q,31/12/17,31/12/16,31/12/15,31/12/14,31/12/13,31/12/12,31/12/11,31/12/10,31/12/09,31/12/08,CAGR
"Revenue","466,300","477,110","490,784","446,116","446,446","459,304","483,662","453,199","470,423","363,816","307,732","368,173","3.24%"
"YoY %","-2.27%","-2.79%","10.01%","-0.07%","-2.80%","-5.04%","6.72%","-3.66%","29.30%","18.22%","-16.42%","-",""
"Horiz. %","126.65%","129.59%","133.30%","121.17%","121.26%","124.75%","131.37%","123.09%","127.77%","98.82%","83.58%","100.00%",""
"PBT","7,538","10,825","8,622","-863","3,983","3,485","42,907","37,244","22,638","20,039","12,044","21,899","-9.83%"
"YoY %","-30.36%","25.55%","1,099.07%","-121.67%","14.29%","-91.88%","15.21%","64.52%","12.97%","66.38%","-45.00%","-",""
"Horiz. %","34.42%","49.43%","39.37%","-3.94%","18.19%","15.91%","195.93%","170.07%","103.37%","91.51%","55.00%","100.00%",""
"Tax","-726","-3,861","-4,054","-4,778","-3,103","-2,078","-8,904","-7,597","-8,909","-6,959","-5,224","-5,240","-2.81%"
"YoY %","81.20%","4.76%","15.15%","-53.98%","-49.33%","76.66%","-17.20%","14.73%","-28.02%","-33.21%","0.31%","-",""
"Horiz. %","13.85%","73.68%","77.37%","91.18%","59.22%","39.66%","169.92%","144.98%","170.02%","132.81%","99.69%","100.00%",""
"NP","6,812","6,964","4,568","-5,641","880","1,407","34,003","29,647","13,729","13,080","6,820","16,659","-13.38%"
"YoY %","-2.18%","52.45%","180.98%","-741.02%","-37.46%","-95.86%","14.69%","115.94%","4.96%","91.79%","-59.06%","-",""
"Horiz. %","40.89%","41.80%","27.42%","-33.86%","5.28%","8.45%","204.11%","177.96%","82.41%","78.52%","40.94%","100.00%",""
"NP to SH","7,620","7,568","4,929","-5,037","1,148","1,784","34,221","29,651","13,700","13,236","6,820","16,811","-12.74%"
"YoY %","0.69%","53.54%","197.86%","-538.76%","-35.65%","-94.79%","15.41%","116.43%","3.51%","94.08%","-59.43%","-",""
"Horiz. %","45.33%","45.02%","29.32%","-29.96%","6.83%","10.61%","203.56%","176.38%","81.49%","78.73%","40.57%","100.00%",""
"Tax Rate","9.63    %","35.67    %","47.02    %","-     %","77.91    %","59.63    %","20.75    %","20.40    %","39.35    %","34.73    %","43.37    %","23.93    %","7.79%"
"YoY %","-73.00%","-24.14%","0.00%","0.00%","30.66%","187.37%","1.72%","-48.16%","13.30%","-19.92%","81.24%","-",""
"Horiz. %","40.24%","149.06%","196.49%","0.00%","325.57%","249.19%","86.71%","85.25%","164.44%","145.13%","181.24%","100.00%",""
"Total Cost","459,488","470,146","486,216","451,757","445,566","457,897","449,659","423,552","456,694","350,736","300,912","351,514","3.67%"
"YoY %","-2.27%","-3.31%","7.63%","1.39%","-2.69%","1.83%","6.16%","-7.26%","30.21%","16.56%","-14.40%","-",""
"Horiz. %","130.72%","133.75%","138.32%","128.52%","126.76%","130.26%","127.92%","120.49%","129.92%","99.78%","85.60%","100.00%",""
"Net Worth","332,015","332,015","330,062","319,655","330,049","330,121","299,568","269,669","254,186","234,188","228,705","229,437","4.12%"
"YoY %","0.00%","0.59%","3.26%","-3.15%","-0.02%","10.20%","11.09%","6.09%","8.54%","2.40%","-0.32%","-",""
"Horiz. %","144.71%","144.71%","143.86%","139.32%","143.85%","143.88%","130.57%","117.53%","110.79%","102.07%","99.68%","100.00%",""
"Div","1,302","2,604","2,604","2,604","4,565","5,860","6,837","7,816","7,821","7,828","7,229","6,612","-9.83%"
"YoY %","-50.00%","0.00%","-0.00%","-42.97%","-22.09%","-14.30%","-12.52%","-0.06%","-0.09%","8.28%","9.33%","-",""
"Horiz. %","19.69%","39.38%","39.38%","39.38%","69.05%","88.63%","103.42%","118.22%","118.29%","118.39%","109.33%","100.00%",""
"Div Payout %","17.09    %","34.41    %","52.83    %","-     %","397.73    %","328.48    %","19.98    %","26.36    %","57.09    %","59.14    %","106.00    %","39.33    %","3.33%"
"YoY %","-50.33%","-34.87%","0.00%","0.00%","21.08%","1,544.04%","-24.20%","-53.83%","-3.47%","-44.21%","169.51%","-",""
"Horiz. %","43.45%","87.49%","134.32%","0.00%","1,011.26%","835.19%","50.80%","67.02%","145.16%","150.37%","269.51%","100.00%",""
"Net Worth","332,015","332,015","330,062","319,655","330,049","330,121","299,568","269,669","254,186","234,188","228,705","229,437","4.12%"
"YoY %","0.00%","0.59%","3.26%","-3.15%","-0.02%","10.20%","11.09%","6.09%","8.54%","2.40%","-0.32%","-",""
"Horiz. %","144.71%","144.71%","143.86%","139.32%","143.85%","143.88%","130.57%","117.53%","110.79%","102.07%","99.68%","100.00%",""
"NOSH","65,101","65,101","65,101","65,103","65,227","65,112","65,123","65,137","65,176","65,233","65,719","66,120","-0.17%"
"YoY %","0.00%","0.00%","-0.00%","-0.19%","0.18%","-0.02%","-0.02%","-0.06%","-0.09%","-0.74%","-0.61%","-",""
"Horiz. %","98.46%","98.46%","98.46%","98.46%","98.65%","98.48%","98.49%","98.51%","98.57%","98.66%","99.39%","100.00%",""
"NP Margin","1.46    %","1.46    %","0.93    %","-1.26    %","0.20    %","0.31    %","7.03    %","6.54    %","2.92    %","3.60    %","2.22    %","4.52    %","-16.10%"
"YoY %","0.00%","56.99%","173.81%","-730.00%","-35.48%","-95.59%","7.49%","123.97%","-18.89%","62.16%","-50.88%","-",""
"Horiz. %","32.30%","32.30%","20.58%","-27.88%","4.42%","6.86%","155.53%","144.69%","64.60%","79.65%","49.12%","100.00%",""
"ROE","2.30    %","2.28    %","1.49    %","-1.58    %","0.35    %","0.54    %","11.42    %","11.00    %","5.39    %","5.65    %","2.98    %","7.33    %","-16.21%"
"YoY %","0.88%","53.02%","194.30%","-551.43%","-35.19%","-95.27%","3.82%","104.08%","-4.60%","89.60%","-59.35%","-",""
"Horiz. %","31.38%","31.11%","20.33%","-21.56%","4.77%","7.37%","155.80%","150.07%","73.53%","77.08%","40.65%","100.00%",""
"RPS","716.27","732.88","753.88","685.25","684.45","705.40","742.68","695.76","721.77","557.71","468.25","556.82","3.42%"
"YoY %","-2.27%","-2.79%","10.02%","0.12%","-2.97%","-5.02%","6.74%","-3.60%","29.42%","19.11%","-15.91%","-",""
"Horiz. %","128.64%","131.62%","135.39%","123.06%","122.92%","126.68%","133.38%","124.95%","129.62%","100.16%","84.09%","100.00%",""
"EPS","11.70","11.63","7.57","-7.74","1.76","2.74","52.55","45.52","21.02","20.29","10.37","25.43","-12.59%"
"YoY %","0.60%","53.63%","197.80%","-539.77%","-35.77%","-94.79%","15.44%","116.56%","3.60%","95.66%","-59.22%","-",""
"Horiz. %","46.01%","45.73%","29.77%","-30.44%","6.92%","10.77%","206.65%","179.00%","82.66%","79.79%","40.78%","100.00%",""
"DPS","2.00","4.00","4.00","4.00","7.00","9.00","10.50","12.00","12.00","12.00","11.00","10.00","-9.67%"
"YoY %","-50.00%","0.00%","0.00%","-42.86%","-22.22%","-14.29%","-12.50%","0.00%","0.00%","9.09%","10.00%","-",""
"Horiz. %","20.00%","40.00%","40.00%","40.00%","70.00%","90.00%","105.00%","120.00%","120.00%","120.00%","110.00%","100.00%",""
"NAPS","5.1000","5.1000","5.0700","4.9100","5.0600","5.0700","4.6000","4.1400","3.9000","3.5900","3.4800","3.4700","4.30%"
"YoY %","0.00%","0.59%","3.26%","-2.96%","-0.20%","10.22%","11.11%","6.15%","8.64%","3.16%","0.29%","-",""
"Horiz. %","146.97%","146.97%","146.11%","141.50%","145.82%","146.11%","132.56%","119.31%","112.39%","103.46%","100.29%","100.00%",""
"RPS","693.90","709.99","730.33","663.86","664.35","683.49","719.74","674.40","700.03","541.39","457.93","547.88","3.24%"
"YoY %","-2.27%","-2.79%","10.01%","-0.07%","-2.80%","-5.04%","6.72%","-3.66%","29.30%","18.23%","-16.42%","-",""
"Horiz. %","126.65%","129.59%","133.30%","121.17%","121.26%","124.75%","131.37%","123.09%","127.77%","98.82%","83.58%","100.00%",""
"EPS","11.34","11.26","7.33","-7.50","1.71","2.65","50.92","44.12","20.39","19.70","10.15","25.02","-12.74%"
"YoY %","0.71%","53.62%","197.73%","-538.60%","-35.47%","-94.80%","15.41%","116.38%","3.50%","94.09%","-59.43%","-",""
"Horiz. %","45.32%","45.00%","29.30%","-29.98%","6.83%","10.59%","203.52%","176.34%","81.49%","78.74%","40.57%","100.00%",""
"DPS","1.94","3.88","3.88","3.88","6.79","8.72","10.18","11.63","11.64","11.65","10.76","9.84","-9.82%"
"YoY %","-50.00%","0.00%","0.00%","-42.86%","-22.13%","-14.34%","-12.47%","-0.09%","-0.09%","8.27%","9.35%","-",""
"Horiz. %","19.72%","39.43%","39.43%","39.43%","69.00%","88.62%","103.46%","118.19%","118.29%","118.39%","109.35%","100.00%",""
"NAPS","4.9407","4.9407","4.9116","4.7568","4.9115","4.9125","4.4579","4.0129","3.7825","3.4849","3.4034","3.4143","4.12%"
"YoY %","0.00%","0.59%","3.25%","-3.15%","-0.02%","10.20%","11.09%","6.09%","8.54%","2.39%","-0.32%","-",""
"Horiz. %","144.71%","144.71%","143.85%","139.32%","143.85%","143.88%","130.57%","117.53%","110.78%","102.07%","99.68%","100.00%",""
"Date","AQR","T4Q","29/12/17","30/12/16","31/12/15","31/12/14","31/12/13","31/12/12","30/12/11","30/12/10","31/12/09","31/12/08","-"
"Price","2.0200","2.0200","2.0000","1.7200","2.4900","2.6500","2.9600","2.6100","2.4600","2.4800","2.3000","1.9400","-"
"P/RPS","0.28","0.28","0.27","0.25","0.36","0.38","0.40","0.38","0.34","0.44","0.49","0.35","-2.84%"
"YoY %","0.00%","3.70%","8.00%","-30.56%","-5.26%","-5.00%","5.26%","11.76%","-22.73%","-10.20%","40.00%","-",""
"Horiz. %","80.00%","80.00%","77.14%","71.43%","102.86%","108.57%","114.29%","108.57%","97.14%","125.71%","140.00%","100.00%",""
"P/EPS","17.26","17.38","26.42","-22.23","141.48","96.72","5.63","5.73","11.70","12.22","22.16","7.63","14.79%"
"YoY %","-0.69%","-34.22%","218.85%","-115.71%","46.28%","1,617.94%","-1.75%","-51.03%","-4.26%","-44.86%","190.43%","-",""
"Horiz. %","226.21%","227.79%","346.26%","-291.35%","1,854.26%","1,267.63%","73.79%","75.10%","153.34%","160.16%","290.43%","100.00%",""
"EY","5.79","5.75","3.79","-4.50","0.71","1.03","17.75","17.44","8.54","8.18","4.51","13.11","-12.87%"
"YoY %","0.70%","51.72%","184.22%","-733.80%","-31.07%","-94.20%","1.78%","104.22%","4.40%","81.37%","-65.60%","-",""
"Horiz. %","44.16%","43.86%","28.91%","-34.32%","5.42%","7.86%","135.39%","133.03%","65.14%","62.40%","34.40%","100.00%",""
"DY","0.99","1.98","2.00","2.33","2.81","3.40","3.55","4.60","4.88","4.84","4.78","5.15","-9.97%"
"YoY %","-50.00%","-1.00%","-14.16%","-17.08%","-17.35%","-4.23%","-22.83%","-5.74%","0.83%","1.26%","-7.18%","-",""
"Horiz. %","19.22%","38.45%","38.83%","45.24%","54.56%","66.02%","68.93%","89.32%","94.76%","93.98%","92.82%","100.00%",""
"P/NAPS","0.40","0.40","0.39","0.35","0.49","0.52","0.64","0.63","0.63","0.69","0.66","0.56","-3.94%"
"YoY %","0.00%","2.56%","11.43%","-28.57%","-5.77%","-18.75%","1.59%","0.00%","-8.70%","4.55%","17.86%","-",""
"Horiz. %","71.43%","71.43%","69.64%","62.50%","87.50%","92.86%","114.29%","112.50%","112.50%","123.21%","117.86%","100.00%",""
"Date","AQR","T4Q","22/02/18","24/02/17","25/02/16","26/02/15","25/02/14","26/02/13","27/02/12","22/02/11","24/02/10","20/02/09","-"
"Price","2.1000","2.1000","2.0000","1.8000","2.5000","3.0400","3.3000","2.4500","2.6200","2.3300","2.0600","2.0000","-"
"P/RPS","0.29","0.29","0.27","0.26","0.37","0.43","0.44","0.35","0.36","0.42","0.44","0.36","-3.14%"
"YoY %","0.00%","7.41%","3.85%","-29.73%","-13.95%","-2.27%","25.71%","-2.78%","-14.29%","-4.55%","22.22%","-",""
"Horiz. %","80.56%","80.56%","75.00%","72.22%","102.78%","119.44%","122.22%","97.22%","100.00%","116.67%","122.22%","100.00%",""
"P/EPS","17.94","18.06","26.42","-23.26","142.05","110.95","6.28","5.38","12.46","11.48","19.85","7.87","14.39%"
"YoY %","-0.66%","-31.64%","213.59%","-116.37%","28.03%","1,666.72%","16.73%","-56.82%","8.54%","-42.17%","152.22%","-",""
"Horiz. %","227.95%","229.48%","335.71%","-295.55%","1,804.96%","1,409.78%","79.80%","68.36%","158.32%","145.87%","252.22%","100.00%",""
"EY","5.57","5.54","3.79","-4.30","0.70","0.90","15.92","18.58","8.02","8.71","5.04","12.71","-12.57%"
"YoY %","0.54%","46.17%","188.14%","-714.29%","-22.22%","-94.35%","-14.32%","131.67%","-7.92%","72.82%","-60.35%","-",""
"Horiz. %","43.82%","43.59%","29.82%","-33.83%","5.51%","7.08%","125.26%","146.18%","63.10%","68.53%","39.65%","100.00%",""
"DY","0.95","1.90","2.00","2.22","2.80","2.96","3.18","4.90","4.58","5.15","5.34","5.00","-9.67%"
"YoY %","-50.00%","-5.00%","-9.91%","-20.71%","-5.41%","-6.92%","-35.10%","6.99%","-11.07%","-3.56%","6.80%","-",""
"Horiz. %","19.00%","38.00%","40.00%","44.40%","56.00%","59.20%","63.60%","98.00%","91.60%","103.00%","106.80%","100.00%",""
"P/NAPS","0.41","0.41","0.39","0.37","0.49","0.60","0.72","0.59","0.67","0.65","0.59","0.58","-4.31%"
"YoY %","0.00%","5.13%","5.41%","-24.49%","-18.33%","-16.67%","22.03%","-11.94%","3.08%","10.17%","1.72%","-",""
"Horiz. %","70.69%","70.69%","67.24%","63.79%","84.48%","103.45%","124.14%","101.72%","115.52%","112.07%","101.72%","100.00%",""

