Column1,AQR,T4Q,31/01/19,31/01/18,31/01/17,31/01/16,31/01/15,31/01/14,31/01/13,31/01/12,31/01/11,31/01/10,CAGR
"Revenue","872,937","872,937","872,937","1,075,366","892,593","757,730","774,925","640,394","637,238","768,332","563,408","451,533","7.59%"
"YoY %","0.00%","0.00%","-18.82%","20.48%","17.80%","-2.22%","21.01%","0.50%","-17.06%","36.37%","24.78%","-",""
"Horiz. %","193.33%","193.33%","193.33%","238.16%","197.68%","167.81%","171.62%","141.83%","141.13%","170.16%","124.78%","100.00%",""
"PBT","88,234","88,234","88,234","162,002","111,165","107,579","118,863","95,433","94,554","165,042","90,633","79,455","1.17%"
"YoY %","0.00%","0.00%","-45.54%","45.73%","3.33%","-9.49%","24.55%","0.93%","-42.71%","82.10%","14.07%","-",""
"Horiz. %","111.05%","111.05%","111.05%","203.89%","139.91%","135.40%","149.60%","120.11%","119.00%","207.72%","114.07%","100.00%",""
"Tax","-28,544","-28,544","-28,544","-37,407","-25,477","-21,915","-29,174","-22,074","-26,034","-40,293","-19,023","-19,930","4.07%"
"YoY %","0.00%","0.00%","23.69%","-46.83%","-16.25%","24.88%","-32.16%","15.21%","35.39%","-111.81%","4.55%","-",""
"Horiz. %","143.22%","143.22%","143.22%","187.69%","127.83%","109.96%","146.38%","110.76%","130.63%","202.17%","95.45%","100.00%",""
"NP","59,690","59,690","59,690","124,595","85,688","85,664","89,689","73,359","68,520","124,749","71,610","59,525","0.03%"
"YoY %","0.00%","0.00%","-52.09%","45.41%","0.03%","-4.49%","22.26%","7.06%","-45.07%","74.21%","20.30%","-",""
"Horiz. %","100.28%","100.28%","100.28%","209.32%","143.95%","143.91%","150.67%","123.24%","115.11%","209.57%","120.30%","100.00%",""
"NP to SH","52,123","52,123","52,123","99,059","71,118","73,783","75,279","61,059","53,945","96,572","58,256","48,138","0.89%"
"YoY %","0.00%","0.00%","-47.38%","39.29%","-3.61%","-1.99%","23.29%","13.19%","-44.14%","65.77%","21.02%","-",""
"Horiz. %","108.28%","108.28%","108.28%","205.78%","147.74%","153.27%","156.38%","126.84%","112.06%","200.61%","121.02%","100.00%",""
"Tax Rate","32.35    %","32.35    %","32.35    %","23.09    %","22.92    %","20.37    %","24.54    %","23.13    %","27.53    %","24.41    %","20.99    %","25.08    %","2.87%"
"YoY %","0.00%","0.00%","40.10%","0.74%","12.52%","-16.99%","6.10%","-15.98%","12.78%","16.29%","-16.31%","-",""
"Horiz. %","128.99%","128.99%","128.99%","92.07%","91.39%","81.22%","97.85%","92.22%","109.77%","97.33%","83.69%","100.00%",""
"Total Cost","813,247","813,247","813,247","950,771","806,905","672,066","685,236","567,035","568,718","643,583","491,798","392,008","8.44%"
"YoY %","0.00%","0.00%","-14.46%","17.83%","20.06%","-1.92%","20.85%","-0.30%","-11.63%","30.86%","25.46%","-",""
"Horiz. %","207.46%","207.46%","207.46%","242.54%","205.84%","171.44%","174.80%","144.65%","145.08%","164.18%","125.46%","100.00%",""
"Net Worth","737,549","737,549","737,549","606,843","594,395","578,843","572,808","543,059","517,741","507,953","444,864","421,537","6.41%"
"YoY %","0.00%","0.00%","21.54%","2.09%","2.69%","1.05%","5.48%","4.89%","1.93%","14.18%","5.53%","-",""
"Horiz. %","174.97%","174.97%","174.97%","143.96%","141.01%","137.32%","135.89%","128.83%","122.82%","120.50%","105.53%","100.00%",""
"Div","56,016","56,016","56,016","74,688","62,240","71,577","40,251","40,112","36,981","48,959","36,564","30,326","7.05%"
"YoY %","0.00%","-0.00%","-25.00%","20.00%","-13.04%","77.83%","0.35%","8.47%","-24.46%","33.90%","20.57%","-",""
"Horiz. %","184.71%","184.71%","184.71%","246.28%","205.23%","236.02%","132.73%","132.27%","121.94%","161.44%","120.57%","100.00%",""
"Div Payout %","107.47    %","107.47    %","107.47    %","75.40    %","87.52    %","97.01    %","53.47    %","65.69    %","68.55    %","50.70    %","62.76    %","63.00    %","6.11%"
"YoY %","0.00%","0.00%","42.53%","-13.85%","-9.78%","81.43%","-18.60%","-4.17%","35.21%","-19.22%","-0.38%","-",""
"Horiz. %","170.59%","170.59%","170.59%","119.68%","138.92%","153.98%","84.87%","104.27%","108.81%","80.48%","99.62%","100.00%",""
"Net Worth","737,549","737,549","737,549","606,843","594,395","578,843","572,808","543,059","517,741","507,953","444,864","421,537","6.41%"
"YoY %","0.00%","0.00%","21.54%","2.09%","2.69%","1.05%","5.48%","4.89%","1.93%","14.18%","5.53%","-",""
"Horiz. %","174.97%","174.97%","174.97%","143.96%","141.01%","137.32%","135.89%","128.83%","122.82%","120.50%","105.53%","100.00%",""
"NOSH","933,607","933,607","933,607","311,202","311,202","311,206","309,626","308,556","308,179","305,996","304,701","303,264","13.30%"
"YoY %","0.00%","0.00%","200.00%","0.00%","-0.00%","0.51%","0.35%","0.12%","0.71%","0.42%","0.47%","-",""
"Horiz. %","307.85%","307.85%","307.85%","102.62%","102.62%","102.62%","102.10%","101.75%","101.62%","100.90%","100.47%","100.00%",""
"NP Margin","6.84    %","6.84    %","6.84    %","11.59    %","9.60    %","11.31    %","11.57    %","11.46    %","10.75    %","16.24    %","12.71    %","13.18    %","-7.02%"
"YoY %","0.00%","0.00%","-40.98%","20.73%","-15.12%","-2.25%","0.96%","6.60%","-33.81%","27.77%","-3.57%","-",""
"Horiz. %","51.90%","51.90%","51.90%","87.94%","72.84%","85.81%","87.78%","86.95%","81.56%","123.22%","96.43%","100.00%",""
"ROE","7.07    %","7.07    %","7.07    %","16.32    %","11.96    %","12.75    %","13.14    %","11.24    %","10.42    %","19.01    %","13.10    %","11.42    %","-5.19%"
"YoY %","0.00%","0.00%","-56.68%","36.45%","-6.20%","-2.97%","16.90%","7.87%","-45.19%","45.11%","14.71%","-",""
"Horiz. %","61.91%","61.91%","61.91%","142.91%","104.73%","111.65%","115.06%","98.42%","91.24%","166.46%","114.71%","100.00%",""
"RPS","93.50","93.50","93.50","345.55","286.82","243.48","250.28","207.55","206.78","251.09","184.90","148.89","-5.04%"
"YoY %","0.00%","0.00%","-72.94%","20.48%","17.80%","-2.72%","20.59%","0.37%","-17.65%","35.80%","24.19%","-",""
"Horiz. %","62.80%","62.80%","62.80%","232.08%","192.64%","163.53%","168.10%","139.40%","138.88%","168.64%","124.19%","100.00%",""
"EPS","5.58","5.58","5.58","31.83","22.85","23.71","24.31","19.79","17.50","31.56","19.12","15.87","-10.96%"
"YoY %","0.00%","0.00%","-82.47%","39.30%","-3.63%","-2.47%","22.84%","13.09%","-44.55%","65.06%","20.48%","-",""
"Horiz. %","35.16%","35.16%","35.16%","200.57%","143.98%","149.40%","153.18%","124.70%","110.27%","198.87%","120.48%","100.00%",""
"DPS","6.00","6.00","6.00","24.00","20.00","23.00","13.00","13.00","12.00","16.00","12.00","10.00","-5.51%"
"YoY %","0.00%","0.00%","-75.00%","20.00%","-13.04%","76.92%","0.00%","8.33%","-25.00%","33.33%","20.00%","-",""
"Horiz. %","60.00%","60.00%","60.00%","240.00%","200.00%","230.00%","130.00%","130.00%","120.00%","160.00%","120.00%","100.00%",""
"NAPS","0.7900","0.7900","0.7900","1.9500","1.9100","1.8600","1.8500","1.7600","1.6800","1.6600","1.4600","1.3900","-6.08%"
"YoY %","0.00%","0.00%","-59.49%","2.09%","2.69%","0.54%","5.11%","4.76%","1.20%","13.70%","5.04%","-",""
"Horiz. %","56.83%","56.83%","56.83%","140.29%","137.41%","133.81%","133.09%","126.62%","120.86%","119.42%","105.04%","100.00%",""
"RPS","93.32","93.32","93.32","114.96","95.42","81.00","82.84","68.46","68.12","82.14","60.23","48.27","7.59%"
"YoY %","0.00%","0.00%","-18.82%","20.48%","17.80%","-2.22%","21.00%","0.50%","-17.07%","36.38%","24.78%","-",""
"Horiz. %","193.33%","193.33%","193.33%","238.16%","197.68%","167.81%","171.62%","141.83%","141.12%","170.17%","124.78%","100.00%",""
"EPS","5.57","5.57","5.57","10.59","7.60","7.89","8.05","6.53","5.77","10.32","6.23","5.15","0.87%"
"YoY %","0.00%","0.00%","-47.40%","39.34%","-3.68%","-1.99%","23.28%","13.17%","-44.09%","65.65%","20.97%","-",""
"Horiz. %","108.16%","108.16%","108.16%","205.63%","147.57%","153.20%","156.31%","126.80%","112.04%","200.39%","120.97%","100.00%",""
"DPS","5.99","5.99","5.99","7.98","6.65","7.65","4.30","4.29","3.95","5.23","3.91","3.24","7.06%"
"YoY %","0.00%","0.00%","-24.94%","20.00%","-13.07%","77.91%","0.23%","8.61%","-24.47%","33.76%","20.68%","-",""
"Horiz. %","184.88%","184.88%","184.88%","246.30%","205.25%","236.11%","132.72%","132.41%","121.91%","161.42%","120.68%","100.00%",""
"NAPS","0.7885","0.7885","0.7885","0.6487","0.6354","0.6188","0.6124","0.5806","0.5535","0.5430","0.4756","0.4506","6.41%"
"YoY %","0.00%","0.00%","21.55%","2.09%","2.68%","1.05%","5.48%","4.90%","1.93%","14.17%","5.55%","-",""
"Horiz. %","174.99%","174.99%","174.99%","143.96%","141.01%","137.33%","135.91%","128.85%","122.84%","120.51%","105.55%","100.00%",""
"Date","AQR","T4Q","31/01/19","30/01/18","31/01/17","29/01/16","30/01/15","30/01/14","31/01/13","31/01/12","31/01/11","29/01/10","-"
"Price","1.2500","1.2500","1.2500","4.1800","3.4300","3.0400","2.7600","2.5800","2.2100","2.5000","2.3800","2.0500","-"
"P/RPS","1.34","1.34","1.34","1.21","1.20","1.25","1.10","1.24","1.07","1.00","1.29","1.38","-0.33%"
"YoY %","0.00%","0.00%","10.74%","0.83%","-4.00%","13.64%","-11.29%","15.89%","7.00%","-22.48%","-6.52%","-",""
"Horiz. %","97.10%","97.10%","97.10%","87.68%","86.96%","90.58%","79.71%","89.86%","77.54%","72.46%","93.48%","100.00%",""
"P/EPS","22.39","22.39","22.39","13.13","15.01","12.82","11.35","13.04","12.63","7.92","12.45","12.91","6.30%"
"YoY %","0.00%","0.00%","70.53%","-12.52%","17.08%","12.95%","-12.96%","3.25%","59.47%","-36.39%","-3.56%","-",""
"Horiz. %","173.43%","173.43%","173.43%","101.70%","116.27%","99.30%","87.92%","101.01%","97.83%","61.35%","96.44%","100.00%",""
"EY","4.47","4.47","4.47","7.62","6.66","7.80","8.81","7.67","7.92","12.62","8.03","7.74","-5.91%"
"YoY %","0.00%","0.00%","-41.34%","14.41%","-14.62%","-11.46%","14.86%","-3.16%","-37.24%","57.16%","3.75%","-",""
"Horiz. %","57.75%","57.75%","57.75%","98.45%","86.05%","100.78%","113.82%","99.10%","102.33%","163.05%","103.75%","100.00%",""
"DY","4.80","4.80","4.80","5.74","5.83","7.57","4.71","5.04","5.43","6.40","5.04","4.88","-0.18%"
"YoY %","0.00%","0.00%","-16.38%","-1.54%","-22.99%","60.72%","-6.55%","-7.18%","-15.16%","26.98%","3.28%","-",""
"Horiz. %","98.36%","98.36%","98.36%","117.62%","119.47%","155.12%","96.52%","103.28%","111.27%","131.15%","103.28%","100.00%",""
"P/NAPS","1.58","1.58","1.58","2.14","1.80","1.63","1.49","1.47","1.32","1.51","1.63","1.47","0.80%"
"YoY %","0.00%","0.00%","-26.17%","18.89%","10.43%","9.40%","1.36%","11.36%","-12.58%","-7.36%","10.88%","-",""
"Horiz. %","107.48%","107.48%","107.48%","145.58%","122.45%","110.88%","101.36%","100.00%","89.80%","102.72%","110.88%","100.00%",""
"Date","AQR","T4Q","26/03/19","28/03/18","29/03/17","29/03/16","26/03/15","27/03/14","28/03/13","30/03/12","31/03/11","30/03/10","-"
"Price","1.2600","1.2600","1.2600","4.2000","3.7700","3.5400","2.8000","2.7500","2.2100","2.6800","2.2300","2.1400","-"
"P/RPS","1.35","1.35","1.35","1.22","1.31","1.45","1.12","1.33","1.07","1.07","1.21","1.44","-0.71%"
"YoY %","0.00%","0.00%","10.66%","-6.87%","-9.66%","29.46%","-15.79%","24.30%","0.00%","-11.57%","-15.97%","-",""
"Horiz. %","93.75%","93.75%","93.75%","84.72%","90.97%","100.69%","77.78%","92.36%","74.31%","74.31%","84.03%","100.00%",""
"P/EPS","22.57","22.57","22.57","13.19","16.50","14.93","11.52","13.90","12.63","8.49","11.66","13.48","5.89%"
"YoY %","0.00%","0.00%","71.11%","-20.06%","10.52%","29.60%","-17.12%","10.06%","48.76%","-27.19%","-13.50%","-",""
"Horiz. %","167.43%","167.43%","167.43%","97.85%","122.40%","110.76%","85.46%","103.12%","93.69%","62.98%","86.50%","100.00%",""
"EY","4.43","4.43","4.43","7.58","6.06","6.70","8.68","7.20","7.92","11.78","8.57","7.42","-5.57%"
"YoY %","0.00%","0.00%","-41.56%","25.08%","-9.55%","-22.81%","20.56%","-9.09%","-32.77%","37.46%","15.50%","-",""
"Horiz. %","59.70%","59.70%","59.70%","102.16%","81.67%","90.30%","116.98%","97.04%","106.74%","158.76%","115.50%","100.00%",""
"DY","4.76","4.76","4.76","5.71","5.31","6.50","4.64","4.73","5.43","5.97","5.38","4.67","0.21%"
"YoY %","0.00%","0.00%","-16.64%","7.53%","-18.31%","40.09%","-1.90%","-12.89%","-9.05%","10.97%","15.20%","-",""
"Horiz. %","101.93%","101.93%","101.93%","122.27%","113.70%","139.19%","99.36%","101.28%","116.27%","127.84%","115.20%","100.00%",""
"P/NAPS","1.59","1.59","1.59","2.15","1.97","1.90","1.51","1.56","1.32","1.61","1.53","1.54","0.36%"
"YoY %","0.00%","0.00%","-26.05%","9.14%","3.68%","25.83%","-3.21%","18.18%","-18.01%","5.23%","-0.65%","-",""
"Horiz. %","103.25%","103.25%","103.25%","139.61%","127.92%","123.38%","98.05%","101.30%","85.71%","104.55%","99.35%","100.00%",""

