Column1,AQR,T4Q,30/04/18,30/04/17,30/04/16,30/04/15,30/04/14,30/04/13,30/04/12,30/04/11,30/04/10,30/04/09,CAGR
"Revenue","690,928","690,927","690,928","645,524","601,706","547,514","541,396","506,638","449,786","420,227","383,123","358,557","7.56%"
"YoY %","0.00%","-0.00%","7.03%","7.28%","9.90%","1.13%","6.86%","12.64%","7.03%","9.68%","6.85%","-",""
"Horiz. %","192.70%","192.70%","192.70%","180.03%","167.81%","152.70%","150.99%","141.30%","125.44%","117.20%","106.85%","100.00%",""
"PBT","44,359","44,360","44,359","72,378","78,189","59,319","69,880","67,364","59,540","67,127","75,445","58,677","-3.06%"
"YoY %","-0.00%","0.00%","-38.71%","-7.43%","31.81%","-15.11%","3.73%","13.14%","-11.30%","-11.03%","28.58%","-",""
"Horiz. %","75.60%","75.60%","75.60%","123.35%","133.25%","101.09%","119.09%","114.80%","101.47%","114.40%","128.58%","100.00%",""
"Tax","-14,649","-14,649","-14,649","-22,510","-20,522","-16,677","-15,989","-18,232","-14,760","-15,064","-16,084","-12,372","1.89%"
"YoY %","0.00%","0.00%","34.92%","-9.69%","-23.06%","-4.30%","12.30%","-23.52%","2.02%","6.34%","-30.00%","-",""
"Horiz. %","118.40%","118.40%","118.40%","181.94%","165.87%","134.80%","129.24%","147.37%","119.30%","121.76%","130.00%","100.00%",""
"NP","29,710","29,711","29,710","49,868","57,667","42,642","53,891","49,132","44,780","52,063","59,361","46,305","-4.81%"
"YoY %","-0.00%","0.00%","-40.42%","-13.52%","35.24%","-20.87%","9.69%","9.72%","-13.99%","-12.29%","28.20%","-",""
"Horiz. %","64.16%","64.16%","64.16%","107.69%","124.54%","92.09%","116.38%","106.11%","96.71%","112.43%","128.20%","100.00%",""
"NP to SH","29,710","29,711","29,710","49,868","57,667","42,642","53,891","49,132","44,780","52,063","59,321","46,222","-4.79%"
"YoY %","-0.00%","0.00%","-40.42%","-13.52%","35.24%","-20.87%","9.69%","9.72%","-13.99%","-12.24%","28.34%","-",""
"Horiz. %","64.28%","64.28%","64.28%","107.89%","124.76%","92.25%","116.59%","106.30%","96.88%","112.64%","128.34%","100.00%",""
"Tax Rate","33.02    %","33.02    %","33.02    %","31.10    %","26.25    %","28.11    %","22.88    %","27.06    %","24.79    %","22.44    %","21.32    %","21.08    %","5.11%"
"YoY %","0.00%","0.00%","6.17%","18.48%","-6.62%","22.86%","-15.45%","9.16%","10.47%","5.25%","1.14%","-",""
"Horiz. %","156.64%","156.64%","156.64%","147.53%","124.53%","133.35%","108.54%","128.37%","117.60%","106.45%","101.14%","100.00%",""
"Total Cost","661,218","661,216","661,218","595,656","544,039","504,872","487,505","457,506","405,006","368,164","323,762","312,252","8.69%"
"YoY %","0.00%","-0.00%","11.01%","9.49%","7.76%","3.56%","6.56%","12.96%","10.01%","13.71%","3.69%","-",""
"Horiz. %","211.76%","211.76%","211.76%","190.76%","174.23%","161.69%","156.13%","146.52%","129.70%","117.91%","103.69%","100.00%",""
"Net Worth","460,473","460,473","460,473","449,250","418,368","359,090","336,818","312,658","279,875","248,996","223,852","202,925","9.53%"
"YoY %","0.00%","0.00%","2.50%","7.38%","16.51%","6.61%","7.73%","11.71%","12.40%","11.23%","10.31%","-",""
"Horiz. %","226.92%","226.92%","226.92%","221.39%","206.17%","176.96%","165.98%","154.08%","137.92%","122.70%","110.31%","100.00%",""
"Div","26,954","17,969","26,954","26,955","18,091","8,191","32,559","32,382","16,232","32,822","32,458","29,536","-1.01%"
"YoY %","50.00%","-33.33%","-0.00%","48.99%","120.85%","-74.84%","0.55%","99.49%","-50.54%","1.12%","9.89%","-",""
"Horiz. %","91.26%","60.84%","91.26%","91.26%","61.25%","27.73%","110.23%","109.63%","54.96%","111.12%","109.89%","100.00%",""
"Div Payout %","90.73    %","60.48    %","90.73    %","54.05    %","31.37    %","19.21    %","60.42    %","65.91    %","36.25    %","63.04    %","54.72    %","63.90    %","3.97%"
"YoY %","50.02%","-33.34%","67.86%","72.30%","63.30%","-68.21%","-8.33%","81.82%","-42.50%","15.20%","-14.37%","-",""
"Horiz. %","141.99%","94.65%","141.99%","84.59%","49.09%","30.06%","94.55%","103.15%","56.73%","98.65%","85.63%","100.00%",""
"Net Worth","460,473","460,473","460,473","449,250","418,368","359,090","336,818","312,658","279,875","248,996","223,852","202,925","9.53%"
"YoY %","0.00%","0.00%","2.50%","7.38%","16.51%","6.61%","7.73%","11.71%","12.40%","11.23%","10.31%","-",""
"Horiz. %","226.92%","226.92%","226.92%","221.39%","206.17%","176.96%","165.98%","154.08%","137.92%","122.70%","110.31%","100.00%",""
"NOSH","1,123,106","1,123,106","1,123,106","1,123,125","1,130,725","1,122,157","1,122,729","1,116,636","1,119,500","1,131,804","1,119,264","1,127,365","-0.04%"
"YoY %","0.00%","0.00%","-0.00%","-0.67%","0.76%","-0.05%","0.55%","-0.26%","-1.09%","1.12%","-0.72%","-",""
"Horiz. %","99.62%","99.62%","99.62%","99.62%","100.30%","99.54%","99.59%","99.05%","99.30%","100.39%","99.28%","100.00%",""
"NP Margin","4.30    %","4.30    %","4.30    %","7.73    %","9.58    %","7.79    %","9.95    %","9.70    %","9.96    %","12.39    %","15.49    %","12.91    %","-11.49%"
"YoY %","0.00%","0.00%","-44.37%","-19.31%","22.98%","-21.71%","2.58%","-2.61%","-19.61%","-20.01%","19.98%","-",""
"Horiz. %","33.31%","33.31%","33.31%","59.88%","74.21%","60.34%","77.07%","75.14%","77.15%","95.97%","119.98%","100.00%",""
"ROE","6.45    %","6.45    %","6.45    %","11.10    %","13.78    %","11.88    %","16.00    %","15.71    %","16.00    %","20.91    %","26.50    %","22.78    %","-13.07%"
"YoY %","0.00%","0.00%","-41.89%","-19.45%","15.99%","-25.75%","1.85%","-1.81%","-23.48%","-21.09%","16.33%","-",""
"Horiz. %","28.31%","28.31%","28.31%","48.73%","60.49%","52.15%","70.24%","68.96%","70.24%","91.79%","116.33%","100.00%",""
"RPS","61.52","61.52","61.52","57.48","53.21","48.79","48.22","45.37","40.18","37.13","34.23","31.80","7.60%"
"YoY %","0.00%","0.00%","7.03%","8.02%","9.06%","1.18%","6.28%","12.92%","8.21%","8.47%","7.64%","-",""
"Horiz. %","193.46%","193.46%","193.46%","180.75%","167.33%","153.43%","151.64%","142.67%","126.35%","116.76%","107.64%","100.00%",""
"EPS","2.60","2.65","2.60","4.40","5.10","3.80","4.80","4.40","4.00","4.60","5.30","4.10","-4.93%"
"YoY %","-1.89%","1.92%","-40.91%","-13.73%","34.21%","-20.83%","9.09%","10.00%","-13.04%","-13.21%","29.27%","-",""
"Horiz. %","63.41%","64.63%","63.41%","107.32%","124.39%","92.68%","117.07%","107.32%","97.56%","112.20%","129.27%","100.00%",""
"DPS","2.40","1.60","2.40","2.40","1.60","0.73","2.90","2.90","1.45","2.90","2.90","2.62","-0.97%"
"YoY %","50.00%","-33.33%","0.00%","50.00%","119.18%","-74.83%","0.00%","100.00%","-50.00%","0.00%","10.69%","-",""
"Horiz. %","91.60%","61.07%","91.60%","91.60%","61.07%","27.86%","110.69%","110.69%","55.34%","110.69%","110.69%","100.00%",""
"NAPS","0.4100","0.4100","0.4100","0.4000","0.3700","0.3200","0.3000","0.2800","0.2500","0.2200","0.2000","0.1800","9.57%"
"YoY %","0.00%","0.00%","2.50%","8.11%","15.63%","6.67%","7.14%","12.00%","13.64%","10.00%","11.11%","-",""
"Horiz. %","227.78%","227.78%","227.78%","222.22%","205.56%","177.78%","166.67%","155.56%","138.89%","122.22%","111.11%","100.00%",""
"RPS","61.52","61.52","61.52","57.48","53.58","48.75","48.21","45.11","40.05","37.42","34.11","31.93","7.55%"
"YoY %","0.00%","0.00%","7.03%","7.28%","9.91%","1.12%","6.87%","12.63%","7.03%","9.70%","6.83%","-",""
"Horiz. %","192.67%","192.67%","192.67%","180.02%","167.80%","152.68%","150.99%","141.28%","125.43%","117.19%","106.83%","100.00%",""
"EPS","2.60","2.65","2.60","4.44","5.13","3.80","4.80","4.37","3.99","4.64","5.28","4.12","-4.98%"
"YoY %","-1.89%","1.92%","-41.44%","-13.45%","35.00%","-20.83%","9.84%","9.52%","-14.01%","-12.12%","28.16%","-",""
"Horiz. %","63.11%","64.32%","63.11%","107.77%","124.51%","92.23%","116.50%","106.07%","96.84%","112.62%","128.16%","100.00%",""
"DPS","2.40","1.60","2.40","2.40","1.61","0.73","2.90","2.88","1.45","2.92","2.89","2.63","-1.01%"
"YoY %","50.00%","-33.33%","0.00%","49.07%","120.55%","-74.83%","0.69%","98.62%","-50.34%","1.04%","9.89%","-",""
"Horiz. %","91.25%","60.84%","91.25%","91.25%","61.22%","27.76%","110.27%","109.51%","55.13%","111.03%","109.89%","100.00%",""
"NAPS","0.4100","0.4100","0.4100","0.4000","0.3725","0.3197","0.2999","0.2784","0.2492","0.2217","0.1993","0.1807","9.52%"
"YoY %","0.00%","0.00%","2.50%","7.38%","16.52%","6.60%","7.72%","11.72%","12.40%","11.24%","10.29%","-",""
"Horiz. %","226.90%","226.90%","226.90%","221.36%","206.14%","176.92%","165.97%","154.07%","137.91%","122.69%","110.29%","100.00%",""
"Date","AQR","T4Q","30/04/18","28/04/17","29/04/16","30/04/15","30/04/14","30/04/13","30/04/12","29/04/11","30/04/10","30/04/09","-"
"Price","0.5450","0.5450","0.5450","0.8500","0.9600","0.7200","0.8650","0.4750","0.4900","0.5500","0.5800","0.3700","-"
"P/RPS","0.89","0.89","0.89","1.48","1.80","1.48","1.79","1.05","1.22","1.48","1.69","1.16","-2.90%"
"YoY %","0.00%","0.00%","-39.86%","-17.78%","21.62%","-17.32%","70.48%","-13.93%","-17.57%","-12.43%","45.69%","-",""
"Horiz. %","76.72%","76.72%","76.72%","127.59%","155.17%","127.59%","154.31%","90.52%","105.17%","127.59%","145.69%","100.00%",""
"P/EPS","20.60","20.60","20.60","19.14","18.82","18.95","18.02","10.80","12.25","11.96","10.94","9.02","9.60%"
"YoY %","0.00%","0.00%","7.63%","1.70%","-0.69%","5.16%","66.85%","-11.84%","2.42%","9.32%","21.29%","-",""
"Horiz. %","228.38%","228.38%","228.38%","212.20%","208.65%","210.09%","199.78%","119.73%","135.81%","132.59%","121.29%","100.00%",""
"EY","4.85","4.85","4.85","5.22","5.31","5.28","5.55","9.26","8.16","8.36","9.14","11.08","-8.77%"
"YoY %","0.00%","0.00%","-7.09%","-1.69%","0.57%","-4.86%","-40.06%","13.48%","-2.39%","-8.53%","-17.51%","-",""
"Horiz. %","43.77%","43.77%","43.77%","47.11%","47.92%","47.65%","50.09%","83.57%","73.65%","75.45%","82.49%","100.00%",""
"DY","4.40","2.94","4.40","2.82","1.67","1.01","3.35","6.11","2.96","5.27","5.00","7.08","-5.14%"
"YoY %","49.66%","-33.18%","56.03%","68.86%","65.35%","-69.85%","-45.17%","106.42%","-43.83%","5.40%","-29.38%","-",""
"Horiz. %","62.15%","41.53%","62.15%","39.83%","23.59%","14.27%","47.32%","86.30%","41.81%","74.44%","70.62%","100.00%",""
"P/NAPS","1.33","1.33","1.33","2.13","2.59","2.25","2.88","1.70","1.96","2.50","2.90","2.06","-4.74%"
"YoY %","0.00%","0.00%","-37.56%","-17.76%","15.11%","-21.88%","69.41%","-13.27%","-21.60%","-13.79%","40.78%","-",""
"Horiz. %","64.56%","64.56%","64.56%","103.40%","125.73%","109.22%","139.81%","82.52%","95.15%","121.36%","140.78%","100.00%",""
"Date","AQR","T4Q","26/06/18","30/06/17","23/06/16","22/06/15","20/06/14","21/06/13","25/06/12","24/06/11","29/06/10","26/06/09","-"
"Price","0.5350","0.5350","0.5350","0.7950","0.8800","0.7000","0.8750","0.5450","0.4900","0.5400","0.6000","0.4300","-"
"P/RPS","0.87","0.87","0.87","1.38","1.65","1.43","1.81","1.20","1.22","1.45","1.75","1.35","-4.76%"
"YoY %","0.00%","0.00%","-36.96%","-16.36%","15.38%","-20.99%","50.83%","-1.64%","-15.86%","-17.14%","29.63%","-",""
"Horiz. %","64.44%","64.44%","64.44%","102.22%","122.22%","105.93%","134.07%","88.89%","90.37%","107.41%","129.63%","100.00%",""
"P/EPS","20.22","20.22","20.22","17.90","17.25","18.42","18.23","12.39","12.25","11.74","11.32","10.49","7.56%"
"YoY %","0.00%","0.00%","12.96%","3.77%","-6.35%","1.04%","47.13%","1.14%","4.34%","3.71%","7.91%","-",""
"Horiz. %","192.76%","192.76%","192.76%","170.64%","164.44%","175.60%","173.78%","118.11%","116.78%","111.92%","107.91%","100.00%",""
"EY","4.94","4.94","4.94","5.59","5.80","5.43","5.49","8.07","8.16","8.52","8.83","9.53","-7.04%"
"YoY %","0.00%","0.00%","-11.63%","-3.62%","6.81%","-1.09%","-31.97%","-1.10%","-4.23%","-3.51%","-7.35%","-",""
"Horiz. %","51.84%","51.84%","51.84%","58.66%","60.86%","56.98%","57.61%","84.68%","85.62%","89.40%","92.65%","100.00%",""
"DY","4.49","2.99","4.49","3.02","1.82","1.04","3.31","5.32","2.96","5.37","4.83","6.09","-3.33%"
"YoY %","50.17%","-33.41%","48.68%","65.93%","75.00%","-68.58%","-37.78%","79.73%","-44.88%","11.18%","-20.69%","-",""
"Horiz. %","73.73%","49.10%","73.73%","49.59%","29.89%","17.08%","54.35%","87.36%","48.60%","88.18%","79.31%","100.00%",""
"P/NAPS","1.30","1.30","1.30","1.99","2.38","2.19","2.92","1.95","1.96","2.45","3.00","2.39","-6.54%"
"YoY %","0.00%","0.00%","-34.67%","-16.39%","8.68%","-25.00%","49.74%","-0.51%","-20.00%","-18.33%","25.52%","-",""
"Horiz. %","54.39%","54.39%","54.39%","83.26%","99.58%","91.63%","122.18%","81.59%","82.01%","102.51%","125.52%","100.00%",""

