Column1,AQR,T4Q,31/03/18,31/03/17,31/03/16,31/03/15,31/03/14,31/03/13,31/03/12,31/03/11,31/03/10,31/03/09,CAGR
"Revenue","1,275,366","1,193,946","1,100,812","1,168,890","1,544,184","1,674,504","1,530,631","1,478,238","1,460,865","1,348,812","1,137,516","1,437,826","-2.92%"
"YoY %","6.82%","8.46%","-5.82%","-24.30%","-7.78%","9.40%","3.54%","1.19%","8.31%","18.58%","-20.89%","-",""
"Horiz. %","88.70%","83.04%","76.56%","81.30%","107.40%","116.46%","106.45%","102.81%","101.60%","93.81%","79.11%","100.00%",""
"PBT","67,501","-27,721","-26,554","80,255","165,398","185,349","223,892","239,440","262,684","224,498","166,733","113,169","-"
"YoY %","343.50%","-4.39%","-133.09%","-51.48%","-10.76%","-17.21%","-6.49%","-8.85%","17.01%","34.65%","47.33%","-",""
"Horiz. %","59.65%","-24.50%","-23.46%","70.92%","146.15%","163.78%","197.84%","211.58%","232.12%","198.37%","147.33%","100.00%",""
"Tax","-26,505","-19,478","-20,594","-29,297","-49,860","-64,036","-62,998","-59,163","-63,639","-55,732","-41,359","-49,884","-9.36%"
"YoY %","-36.08%","5.42%","29.71%","41.24%","22.14%","-1.65%","-6.48%","7.03%","-14.19%","-34.75%","17.09%","-",""
"Horiz. %","53.13%","39.05%","41.28%","58.73%","99.95%","128.37%","126.29%","118.60%","127.57%","111.72%","82.91%","100.00%",""
"NP","40,996","-47,199","-47,148","50,958","115,538","121,313","160,894","180,277","199,045","168,766","125,374","63,285","-"
"YoY %","186.86%","-0.11%","-192.52%","-55.90%","-4.76%","-24.60%","-10.75%","-9.43%","17.94%","34.61%","98.11%","-",""
"Horiz. %","64.78%","-74.58%","-74.50%","80.52%","182.57%","191.69%","254.24%","284.87%","314.52%","266.68%","198.11%","100.00%",""
"NP to SH","42,700","-45,375","-44,368","58,549","117,869","122,636","157,514","176,283","195,537","165,862","124,449","61,225","-"
"YoY %","194.10%","-2.27%","-175.78%","-50.33%","-3.89%","-22.14%","-10.65%","-9.85%","17.89%","33.28%","103.27%","-",""
"Horiz. %","69.74%","-74.11%","-72.47%","95.63%","192.52%","200.30%","257.27%","287.93%","319.37%","270.91%","203.26%","100.00%",""
"Tax Rate","39.27    %","-     %","-     %","36.50    %","30.15    %","34.55    %","28.14    %","24.71    %","24.23    %","24.83    %","24.81    %","44.08    %","-"
"YoY %","0.00%","0.00%","0.00%","21.06%","-12.74%","22.78%","13.88%","1.98%","-2.42%","0.08%","-43.72%","-",""
"Horiz. %","89.09%","0.00%","0.00%","82.80%","68.40%","78.38%","63.84%","56.06%","54.97%","56.33%","56.28%","100.00%",""
"Total Cost","1,234,370","1,241,145","1,147,960","1,117,932","1,428,646","1,553,191","1,369,737","1,297,961","1,261,820","1,180,046","1,012,142","1,374,541","-1.98%"
"YoY %","-0.55%","8.12%","2.69%","-21.75%","-8.02%","13.39%","5.53%","2.86%","6.93%","16.59%","-26.37%","-",""
"Horiz. %","89.80%","90.30%","83.52%","81.33%","103.94%","113.00%","99.65%","94.43%","91.80%","85.85%","73.63%","100.00%",""
"Net Worth","765,499","765,499","763,811","748,289","941,417","819,340","711,005","639,742","1,278,210","1,191,313","1,033,858","1,016,502","-3.12%"
"YoY %","0.00%","0.22%","2.07%","-20.51%","14.90%","15.24%","11.14%","-49.95%","7.29%","15.23%","1.71%","-",""
"Horiz. %","75.31%","75.31%","75.14%","73.61%","92.61%","80.60%","69.95%","62.94%","125.75%","117.20%","101.71%","100.00%",""
"Div","16,647","24,633","28,008","46,905","82,074","61,323","78,756","765,802","138,070","99,416","62,213","35,728","-2.67%"
"YoY %","-32.42%","-12.05%","-40.29%","-42.85%","33.84%","-22.14%","-89.72%","454.64%","38.88%","59.80%","74.13%","-",""
"Horiz. %","46.59%","68.95%","78.39%","131.28%","229.72%","171.64%","220.43%","2,143.39%","386.44%","278.25%","174.13%","100.00%",""
"Div Payout %","38.99    %","-     %","-     %","80.11    %","69.63    %","50.00    %","50.00    %","434.42    %","70.61    %","59.94    %","49.99    %","58.36    %","-"
"YoY %","0.00%","0.00%","0.00%","15.05%","39.26%","0.00%","-88.49%","515.24%","17.80%","19.90%","-14.34%","-",""
"Horiz. %","66.81%","0.00%","0.00%","137.27%","119.31%","85.68%","85.68%","744.38%","120.99%","102.71%","85.66%","100.00%",""
"Net Worth","765,499","765,499","763,811","748,289","941,417","819,340","711,005","639,742","1,278,210","1,191,313","1,033,858","1,016,502","-3.12%"
"YoY %","0.00%","0.22%","2.07%","-20.51%","14.90%","15.24%","11.14%","-49.95%","7.29%","15.23%","1.71%","-",""
"Horiz. %","75.31%","75.31%","75.14%","73.61%","92.61%","80.60%","69.95%","62.94%","125.75%","117.20%","101.71%","100.00%",""
"NOSH","1,687,236","1,687,236","1,687,236","1,687,236","1,685,316","1,689,361","1,686,445","1,687,240","1,685,848","1,682,170","1,686,005","1,677,397","0.06%"
"YoY %","0.00%","0.00%","0.00%","0.11%","-0.24%","0.17%","-0.05%","0.08%","0.22%","-0.23%","0.51%","-",""
"Horiz. %","100.59%","100.59%","100.59%","100.59%","100.47%","100.71%","100.54%","100.59%","100.50%","100.28%","100.51%","100.00%",""
"NP Margin","3.21    %","-3.95    %","-4.28    %","4.36    %","7.48    %","7.24    %","10.51    %","12.20    %","13.63    %","12.51    %","11.02    %","4.40    %","-"
"YoY %","181.27%","7.71%","-198.17%","-41.71%","3.31%","-31.11%","-13.85%","-10.49%","8.95%","13.52%","150.45%","-",""
"Horiz. %","72.95%","-89.77%","-97.27%","99.09%","170.00%","164.55%","238.86%","277.27%","309.77%","284.32%","250.45%","100.00%",""
"ROE","5.58    %","-5.93    %","-5.81    %","7.82    %","12.52    %","14.97    %","22.15    %","27.56    %","15.30    %","13.92    %","12.04    %","6.02    %","-"
"YoY %","194.10%","-2.07%","-174.30%","-37.54%","-16.37%","-32.42%","-19.63%","80.13%","9.91%","15.61%","100.00%","-",""
"Horiz. %","92.69%","-98.50%","-96.51%","129.90%","207.97%","248.67%","367.94%","457.81%","254.15%","231.23%","200.00%","100.00%",""
"RPS","75.59","70.76","65.24","69.28","91.63","99.12","90.76","87.71","86.65","80.18","67.47","85.72","-2.99%"
"YoY %","6.83%","8.46%","-5.83%","-24.39%","-7.56%","9.21%","3.48%","1.22%","8.07%","18.84%","-21.29%","-",""
"Horiz. %","88.18%","82.55%","76.11%","80.82%","106.89%","115.63%","105.88%","102.32%","101.08%","93.54%","78.71%","100.00%",""
"EPS","2.53","-2.69","-2.63","3.48","6.99","7.26","9.34","10.46","11.60","9.86","7.38","3.65","-"
"YoY %","194.05%","-2.28%","-175.57%","-50.21%","-3.72%","-22.27%","-10.71%","-9.83%","17.65%","33.60%","102.19%","-",""
"Horiz. %","69.32%","-73.70%","-72.05%","95.34%","191.51%","198.90%","255.89%","286.58%","317.81%","270.14%","202.19%","100.00%",""
"DPS","0.99","1.46","1.66","2.78","4.87","3.63","4.67","45.44","8.19","5.91","3.69","2.13","-2.73%"
"YoY %","-32.19%","-12.05%","-40.29%","-42.92%","34.16%","-22.27%","-89.72%","454.82%","38.58%","60.16%","73.24%","-",""
"Horiz. %","46.48%","68.54%","77.93%","130.52%","228.64%","170.42%","219.25%","2,133.33%","384.51%","277.46%","173.24%","100.00%",""
"NAPS","0.4537","0.4537","0.4527","0.4435","0.5586","0.4850","0.4216","0.3796","0.7582","0.7082","0.6132","0.6060","-3.19%"
"YoY %","0.00%","0.22%","2.07%","-20.61%","15.18%","15.04%","11.06%","-49.93%","7.06%","15.49%","1.19%","-",""
"Horiz. %","74.87%","74.87%","74.70%","73.18%","92.18%","80.03%","69.57%","62.64%","125.12%","116.86%","101.19%","100.00%",""
"RPS","74.15","70.76","65.24","69.28","91.52","99.25","90.72","87.61","86.58","79.94","67.42","85.22","-2.92%"
"YoY %","4.79%","8.46%","-5.83%","-24.30%","-7.79%","9.40%","3.55%","1.19%","8.31%","18.57%","-20.89%","-",""
"Horiz. %","87.01%","83.03%","76.55%","81.30%","107.39%","116.46%","106.45%","102.80%","101.60%","93.80%","79.11%","100.00%",""
"EPS","2.48","-2.69","-2.63","3.48","6.99","7.27","9.34","10.45","11.59","9.83","7.38","3.63","-"
"YoY %","192.19%","-2.28%","-175.57%","-50.21%","-3.85%","-22.16%","-10.62%","-9.84%","17.90%","33.20%","103.31%","-",""
"Horiz. %","68.32%","-74.10%","-72.45%","95.87%","192.56%","200.28%","257.30%","287.88%","319.28%","270.80%","203.31%","100.00%",""
"DPS","0.97","1.46","1.66","2.78","4.86","3.63","4.67","45.39","8.18","5.89","3.69","2.12","-2.68%"
"YoY %","-33.56%","-12.05%","-40.29%","-42.80%","33.88%","-22.27%","-89.71%","454.89%","38.88%","59.62%","74.06%","-",""
"Horiz. %","45.75%","68.87%","78.30%","131.13%","229.25%","171.23%","220.28%","2,141.04%","385.85%","277.83%","174.06%","100.00%",""
"NAPS","0.4446","0.4537","0.4527","0.4435","0.5580","0.4856","0.4214","0.3792","0.7576","0.7061","0.6128","0.6025","-3.12%"
"YoY %","-2.01%","0.22%","2.07%","-20.52%","14.91%","15.23%","11.13%","-49.95%","7.29%","15.23%","1.71%","-",""
"Horiz. %","73.79%","75.30%","75.14%","73.61%","92.61%","80.60%","69.94%","62.94%","125.74%","117.20%","101.71%","100.00%",""
"Date","AQR","T4Q","30/03/18","31/03/17","31/03/16","31/03/15","31/03/14","29/03/13","30/03/12","31/03/11","31/03/10","31/03/09","-"
"Price","0.1950","0.1950","0.3650","0.6450","0.7150","0.6800","0.9100","1.1800","1.0200","1.1300","0.8600","0.5200","-"
"P/RPS","0.26","0.28","0.56","0.93","0.78","0.69","1.00","1.27","1.18","1.41","1.27","0.61","-0.95%"
"YoY %","-7.14%","-50.00%","-39.78%","19.23%","13.04%","-31.00%","-21.26%","7.63%","-16.31%","11.02%","108.20%","-",""
"Horiz. %","42.62%","45.90%","91.80%","152.46%","127.87%","113.11%","163.93%","208.20%","193.44%","231.15%","208.20%","100.00%",""
"P/EPS","7.71","-7.25","-13.88","18.59","10.22","9.37","9.74","10.74","8.79","11.46","11.65","14.25","-"
"YoY %","206.34%","47.77%","-174.66%","81.90%","9.07%","-3.80%","-9.31%","22.18%","-23.30%","-1.63%","-18.25%","-",""
"Horiz. %","54.11%","-50.88%","-97.40%","130.46%","71.72%","65.75%","68.35%","75.37%","61.68%","80.42%","81.75%","100.00%",""
"EY","12.98","-13.79","-7.20","5.38","9.78","10.68","10.26","9.31","11.37","8.73","8.58","7.02","-"
"YoY %","194.13%","-91.53%","-233.83%","-44.99%","-8.43%","4.09%","10.20%","-18.12%","30.24%","1.75%","22.22%","-",""
"Horiz. %","184.90%","-196.44%","-102.56%","76.64%","139.32%","152.14%","146.15%","132.62%","161.97%","124.36%","122.22%","100.00%",""
"DY","5.06","7.49","4.55","4.31","6.81","5.34","5.13","40.64","8.03","5.23","4.29","4.10","1.16%"
"YoY %","-32.44%","64.62%","5.57%","-36.71%","27.53%","4.09%","-87.38%","406.10%","53.54%","21.91%","4.63%","-",""
"Horiz. %","123.41%","182.68%","110.98%","105.12%","166.10%","130.24%","125.12%","991.22%","195.85%","127.56%","104.63%","100.00%",""
"P/NAPS","0.43","0.43","0.81","1.45","1.28","1.40","2.16","2.94","1.35","1.60","1.40","0.86","-0.66%"
"YoY %","0.00%","-46.91%","-44.14%","13.28%","-8.57%","-35.19%","-26.53%","117.78%","-15.62%","14.29%","62.79%","-",""
"Horiz. %","50.00%","50.00%","94.19%","168.60%","148.84%","162.79%","251.16%","341.86%","156.98%","186.05%","162.79%","100.00%",""
"Date","AQR","T4Q","30/05/18","29/05/17","30/05/16","28/05/15","29/05/14","29/05/13","30/05/12","30/05/11","26/05/10","26/05/09","-"
"Price","0.2500","0.2500","0.2900","0.5800","0.7350","0.6200","0.9750","1.3000","1.0200","1.3000","0.7700","0.5800","-"
"P/RPS","0.33","0.35","0.44","0.84","0.80","0.63","1.07","1.40","1.18","1.62","1.14","0.68","-4.72%"
"YoY %","-5.71%","-20.45%","-47.62%","5.00%","26.98%","-41.12%","-23.57%","18.64%","-27.16%","42.11%","67.65%","-",""
"Horiz. %","48.53%","51.47%","64.71%","123.53%","117.65%","92.65%","157.35%","205.88%","173.53%","238.24%","167.65%","100.00%",""
"P/EPS","9.88","-9.30","-11.03","16.71","10.51","8.54","10.44","11.84","8.79","13.18","10.43","15.89","-"
"YoY %","206.24%","15.68%","-166.01%","58.99%","23.07%","-18.20%","-11.82%","34.70%","-33.31%","26.37%","-34.36%","-",""
"Horiz. %","62.18%","-58.53%","-69.41%","105.16%","66.14%","53.74%","65.70%","74.51%","55.32%","82.95%","65.64%","100.00%",""
"EY","10.12","-10.76","-9.07","5.98","9.52","11.71","9.58","8.45","11.37","7.58","9.59","6.29","-"
"YoY %","194.05%","-18.63%","-251.67%","-37.18%","-18.70%","22.23%","13.37%","-25.68%","50.00%","-20.96%","52.46%","-",""
"Horiz. %","160.89%","-171.07%","-144.20%","95.07%","151.35%","186.17%","152.31%","134.34%","180.76%","120.51%","152.46%","100.00%",""
"DY","3.95","5.84","5.72","4.79","6.63","5.85","4.79","36.89","8.03","4.55","4.79","3.67","5.05%"
"YoY %","-32.36%","2.10%","19.42%","-27.75%","13.33%","22.13%","-87.02%","359.40%","76.48%","-5.01%","30.52%","-",""
"Horiz. %","107.63%","159.13%","155.86%","130.52%","180.65%","159.40%","130.52%","1,005.18%","218.80%","123.98%","130.52%","100.00%",""
"P/NAPS","0.55","0.55","0.64","1.31","1.32","1.28","2.31","3.24","1.35","1.84","1.26","0.96","-4.40%"
"YoY %","0.00%","-14.06%","-51.15%","-0.76%","3.13%","-44.59%","-28.70%","140.00%","-26.63%","46.03%","31.25%","-",""
"Horiz. %","57.29%","57.29%","66.67%","136.46%","137.50%","133.33%","240.62%","337.50%","140.62%","191.67%","131.25%","100.00%",""

