Column1,AQR,T4Q,31/12/18,31/12/17,31/12/16,31/12/15,31/12/14,31/12/13,31/12/12,31/12/11,31/12/10,31/12/09,CAGR
"Revenue","2,882,348","2,849,463","2,961,131","2,492,100","1,276,588","1,839,524","2,438,620","1,779,383","1,951,552","1,889,111","1,523,356","1,950,308","4.75%"
"YoY %","1.15%","-3.77%","18.82%","95.22%","-30.60%","-24.57%","37.05%","-8.82%","3.31%","24.01%","-21.89%","-",""
"Horiz. %","147.79%","146.10%","151.83%","127.78%","65.46%","94.32%","125.04%","91.24%","100.06%","96.86%","78.11%","100.00%",""
"PBT","105,612","95,198","107,088","122,605","-225,864","35,700","198,480","64,319","82,481","173,268","86,156","245,782","-8.81%"
"YoY %","10.94%","-11.10%","-12.66%","154.28%","-732.67%","-82.01%","208.59%","-22.02%","-52.40%","101.11%","-64.95%","-",""
"Horiz. %","42.97%","38.73%","43.57%","49.88%","-91.90%","14.53%","80.75%","26.17%","33.56%","70.50%","35.05%","100.00%",""
"Tax","-39,418","-48,704","-47,226","-7,962","-8,690","-47,568","-51,371","-32,026","-21,853","-42,029","-21,204","-39,543","1.99%"
"YoY %","19.07%","-3.13%","-493.14%","8.38%","81.73%","7.40%","-60.40%","-46.55%","48.00%","-98.21%","46.38%","-",""
"Horiz. %","99.68%","123.17%","119.43%","20.14%","21.98%","120.29%","129.91%","80.99%","55.26%","106.29%","53.62%","100.00%",""
"NP","66,194","46,494","59,862","114,643","-234,554","-11,868","147,109","32,293","60,628","131,239","64,952","206,239","-12.83%"
"YoY %","42.37%","-22.33%","-47.78%","148.88%","-1,876.36%","-108.07%","355.54%","-46.74%","-53.80%","102.06%","-68.51%","-",""
"Horiz. %","32.10%","22.54%","29.03%","55.59%","-113.73%","-5.75%","71.33%","15.66%","29.40%","63.63%","31.49%","100.00%",""
"NP to SH","78,886","53,952","64,797","113,021","-228,302","9,453","125,565","32,324","52,538","110,374","55,981","121,322","-6.73%"
"YoY %","46.22%","-16.74%","-42.67%","149.51%","-2,515.13%","-92.47%","288.46%","-38.48%","-52.40%","97.16%","-53.86%","-",""
"Horiz. %","65.02%","44.47%","53.41%","93.16%","-188.18%","7.79%","103.50%","26.64%","43.30%","90.98%","46.14%","100.00%",""
"Tax Rate","37.32    %","51.16    %","44.10    %","6.49    %","-     %","133.24    %","25.88    %","49.79    %","26.49    %","24.26    %","24.61    %","16.09    %","11.85%"
"YoY %","-27.05%","16.01%","579.51%","0.00%","0.00%","414.84%","-48.02%","87.96%","9.19%","-1.42%","52.95%","-",""
"Horiz. %","231.95%","317.96%","274.08%","40.34%","0.00%","828.09%","160.85%","309.45%","164.64%","150.78%","152.95%","100.00%",""
"Total Cost","2,816,154","2,802,969","2,901,269","2,377,457","1,511,142","1,851,392","2,291,511","1,747,090","1,890,924","1,757,872","1,458,404","1,744,069","5.81%"
"YoY %","0.47%","-3.39%","22.03%","57.33%","-18.38%","-19.21%","31.16%","-7.61%","7.57%","20.53%","-16.38%","-",""
"Horiz. %","161.47%","160.71%","166.35%","136.32%","86.64%","106.15%","131.39%","100.17%","108.42%","100.79%","83.62%","100.00%",""
"Net Worth","1,001,599","1,001,599","955,638","896,437","772,701","1,123,587","1,072,347","985,074","985,788","1,030,222","974,907","986,974","-0.36%"
"YoY %","0.00%","4.81%","6.60%","16.01%","-31.23%","4.78%","8.86%","-0.07%","-4.31%","5.67%","-1.22%","-",""
"Horiz. %","101.48%","101.48%","96.82%","90.83%","78.29%","113.84%","108.65%","99.81%","99.88%","104.38%","98.78%","100.00%",""
"Div","-","0","-","-","3,863","23,246","43,742","39,249","53,910","46,476","34,274","56,637","-"
"YoY %","0.00%","0.00%","0.00%","0.00%","-83.38%","-46.86%","11.45%","-27.20%","16.00%","35.60%","-39.48%","-",""
"Horiz. %","0.00%","0.00%","0.00%","0.00%","6.82%","41.04%","77.23%","69.30%","95.19%","82.06%","60.52%","100.00%",""
"Div Payout %","-     %","-     %","-     %","-     %","-     %","245.92    %","34.84    %","121.42    %","102.61    %","42.11    %","61.22    %","46.68    %","-"
"YoY %","0.00%","0.00%","0.00%","0.00%","0.00%","605.86%","-71.31%","18.33%","143.67%","-31.22%","31.15%","-",""
"Horiz. %","0.00%","0.00%","0.00%","0.00%","0.00%","526.82%","74.64%","260.11%","219.82%","90.21%","131.15%","100.00%",""
"Net Worth","1,001,599","1,001,599","955,638","896,437","772,701","1,123,587","1,072,347","985,074","985,788","1,030,222","974,907","986,974","-0.36%"
"YoY %","0.00%","4.81%","6.60%","16.01%","-31.23%","4.78%","8.86%","-0.07%","-4.31%","5.67%","-1.22%","-",""
"Horiz. %","101.48%","101.48%","96.82%","90.83%","78.29%","113.84%","108.65%","99.81%","99.88%","104.38%","98.78%","100.00%",""
"NOSH","770,461","770,461","770,676","772,791","772,701","774,888","771,473","769,589","770,147","774,603","761,646","759,211","0.17%"
"YoY %","0.00%","-0.03%","-0.27%","0.01%","-0.28%","0.44%","0.24%","-0.07%","-0.58%","1.70%","0.32%","-",""
"Horiz. %","101.48%","101.48%","101.51%","101.79%","101.78%","102.06%","101.62%","101.37%","101.44%","102.03%","100.32%","100.00%",""
"NP Margin","2.30    %","1.63    %","2.02    %","4.60    %","-18.37    %","-0.65    %","6.03    %","1.81    %","3.11    %","6.95    %","4.26    %","10.57    %","-16.79%"
"YoY %","41.10%","-19.31%","-56.09%","125.04%","-2,726.15%","-110.78%","233.15%","-41.80%","-55.25%","63.15%","-59.70%","-",""
"Horiz. %","21.76%","15.42%","19.11%","43.52%","-173.79%","-6.15%","57.05%","17.12%","29.42%","65.75%","40.30%","100.00%",""
"ROE","7.88    %","5.39    %","6.78    %","12.61    %","-29.55    %","0.84    %","11.71    %","3.28    %","5.33    %","10.71    %","5.74    %","12.29    %","-6.39%"
"YoY %","46.20%","-20.50%","-46.23%","142.67%","-3,617.86%","-92.83%","257.01%","-38.46%","-50.23%","86.59%","-53.30%","-",""
"Horiz. %","64.12%","43.86%","55.17%","102.60%","-240.44%","6.83%","95.28%","26.69%","43.37%","87.14%","46.70%","100.00%",""
"RPS","374.11","369.84","384.23","322.48","165.21","237.39","316.10","231.21","253.40","243.88","200.01","256.89","4.57%"
"YoY %","1.15%","-3.75%","19.15%","95.19%","-30.41%","-24.90%","36.72%","-8.76%","3.90%","21.93%","-22.14%","-",""
"Horiz. %","145.63%","143.97%","149.57%","125.53%","64.31%","92.41%","123.05%","90.00%","98.64%","94.94%","77.86%","100.00%",""
"EPS","10.24","7.00","8.39","14.63","-29.54","1.22","16.26","4.20","6.86","14.48","7.35","15.98","-6.90%"
"YoY %","46.29%","-16.57%","-42.65%","149.53%","-2,521.31%","-92.50%","287.14%","-38.78%","-52.62%","97.01%","-54.01%","-",""
"Horiz. %","64.08%","43.80%","52.50%","91.55%","-184.86%","7.63%","101.75%","26.28%","42.93%","90.61%","45.99%","100.00%",""
"DPS","0.00","0.00","0.00","0.00","0.50","3.00","5.67","5.10","7.00","6.00","4.50","7.46","-"
"YoY %","0.00%","0.00%","0.00%","0.00%","-83.33%","-47.09%","11.18%","-27.14%","16.67%","33.33%","-39.68%","-",""
"Horiz. %","0.00%","0.00%","0.00%","0.00%","6.70%","40.21%","76.01%","68.36%","93.83%","80.43%","60.32%","100.00%",""
"NAPS","1.3000","1.3000","1.2400","1.1600","1.0000","1.4500","1.3900","1.2800","1.2800","1.3300","1.2800","1.3000","-0.52%"
"YoY %","0.00%","4.84%","6.90%","16.00%","-31.03%","4.32%","8.59%","0.00%","-3.76%","3.91%","-1.54%","-",""
"Horiz. %","100.00%","100.00%","95.38%","89.23%","76.92%","111.54%","106.92%","98.46%","98.46%","102.31%","98.46%","100.00%",""
"RPS","371.97","367.73","382.14","321.61","164.74","237.39","314.71","229.63","251.85","243.79","196.59","251.69","4.75%"
"YoY %","1.15%","-3.77%","18.82%","95.22%","-30.60%","-24.57%","37.05%","-8.82%","3.31%","24.01%","-21.89%","-",""
"Horiz. %","147.79%","146.10%","151.83%","127.78%","65.45%","94.32%","125.04%","91.24%","100.06%","96.86%","78.11%","100.00%",""
"EPS","10.18","6.96","8.36","14.59","-29.46","1.22","16.20","4.17","6.78","14.24","7.22","15.66","-6.73%"
"YoY %","46.26%","-16.75%","-42.70%","149.52%","-2,514.75%","-92.47%","288.49%","-38.50%","-52.39%","97.23%","-53.90%","-",""
"Horiz. %","65.01%","44.44%","53.38%","93.17%","-188.12%","7.79%","103.45%","26.63%","43.30%","90.93%","46.10%","100.00%",""
"DPS","0.00","0.00","0.00","0.00","0.50","3.00","5.65","5.07","6.96","6.00","4.42","7.31","-"
"YoY %","0.00%","0.00%","0.00%","0.00%","-83.33%","-46.90%","11.44%","-27.16%","16.00%","35.75%","-39.53%","-",""
"Horiz. %","0.00%","0.00%","0.00%","0.00%","6.84%","41.04%","77.29%","69.36%","95.21%","82.08%","60.47%","100.00%",""
"NAPS","1.2926","1.2926","1.2333","1.1569","0.9972","1.4500","1.3839","1.2712","1.2722","1.3295","1.2581","1.2737","-0.36%"
"YoY %","0.00%","4.81%","6.60%","16.01%","-31.23%","4.78%","8.87%","-0.08%","-4.31%","5.68%","-1.22%","-",""
"Horiz. %","101.48%","101.48%","96.83%","90.83%","78.29%","113.84%","108.65%","99.80%","99.88%","104.38%","98.78%","100.00%",""
"Date","AQR","T4Q","31/12/18","29/12/17","30/12/16","31/12/15","31/12/14","31/12/13","31/12/12","30/12/11","30/12/10","31/12/09","-"
"Price","0.7100","0.7100","0.6350","1.1100","0.8050","0.9550","1.2100","1.6500","1.6500","2.0700","2.0700","2.3500","-"
"P/RPS","0.19","0.19","0.17","0.34","0.49","0.40","0.38","0.71","0.65","0.85","1.03","0.91","-17.00%"
"YoY %","0.00%","11.76%","-50.00%","-30.61%","22.50%","5.26%","-46.48%","9.23%","-23.53%","-17.48%","13.19%","-",""
"Horiz. %","20.88%","20.88%","18.68%","37.36%","53.85%","43.96%","41.76%","78.02%","71.43%","93.41%","113.19%","100.00%",""
"P/EPS","6.93","10.14","7.55","7.59","-2.72","78.28","7.43","39.28","24.19","14.53","28.16","14.71","-7.14%"
"YoY %","-31.66%","34.30%","-0.53%","379.04%","-103.47%","953.57%","-81.08%","62.38%","66.48%","-48.40%","91.43%","-",""
"Horiz. %","47.11%","68.93%","51.33%","51.60%","-18.49%","532.15%","50.51%","267.03%","164.45%","98.78%","191.43%","100.00%",""
"EY","14.42","9.86","13.24","13.18","-36.70","1.28","13.45","2.55","4.13","6.88","3.55","6.80","7.68%"
"YoY %","46.25%","-25.53%","0.46%","135.91%","-2,967.19%","-90.48%","427.45%","-38.26%","-39.97%","93.80%","-47.79%","-",""
"Horiz. %","212.06%","145.00%","194.71%","193.82%","-539.71%","18.82%","197.79%","37.50%","60.74%","101.18%","52.21%","100.00%",""
"DY","0.00","0.00","0.00","0.00","0.62","3.14","4.69","3.09","4.24","2.90","2.17","3.17","-"
"YoY %","0.00%","0.00%","0.00%","0.00%","-80.25%","-33.05%","51.78%","-27.12%","46.21%","33.64%","-31.55%","-",""
"Horiz. %","0.00%","0.00%","0.00%","0.00%","19.56%","99.05%","147.95%","97.48%","133.75%","91.48%","68.45%","100.00%",""
"P/NAPS","0.55","0.55","0.51","0.96","0.81","0.66","0.87","1.29","1.29","1.56","1.62","1.81","-13.12%"
"YoY %","0.00%","7.84%","-46.88%","18.52%","22.73%","-24.14%","-32.56%","0.00%","-17.31%","-3.70%","-10.50%","-",""
"Horiz. %","30.39%","30.39%","28.18%","53.04%","44.75%","36.46%","48.07%","71.27%","71.27%","86.19%","89.50%","100.00%",""
"Date","AQR","T4Q","25/02/19","26/02/18","28/02/17","29/02/16","26/02/15","25/02/14","26/02/13","22/02/12","17/02/11","23/02/10","-"
"Price","0.6100","0.6100","0.9050","1.6700","0.9050","0.8000","1.3700","1.9900","1.6600","2.0000","2.3100","2.3200","-"
"P/RPS","0.16","0.16","0.24","0.52","0.55","0.34","0.43","0.86","0.66","0.82","1.15","0.90","-13.65%"
"YoY %","0.00%","-33.33%","-53.85%","-5.45%","61.76%","-20.93%","-50.00%","30.30%","-19.51%","-28.70%","27.78%","-",""
"Horiz. %","17.78%","17.78%","26.67%","57.78%","61.11%","37.78%","47.78%","95.56%","73.33%","91.11%","127.78%","100.00%",""
"P/EPS","5.96","8.71","10.76","11.42","-3.06","65.58","8.42","47.38","24.33","14.04","31.43","14.52","-3.27%"
"YoY %","-31.57%","-19.05%","-5.78%","473.20%","-104.67%","678.86%","-82.23%","94.74%","73.29%","-55.33%","116.46%","-",""
"Horiz. %","41.05%","59.99%","74.10%","78.65%","-21.07%","451.65%","57.99%","326.31%","167.56%","96.69%","216.46%","100.00%",""
"EY","16.78","11.48","9.29","8.76","-32.65","1.52","11.88","2.11","4.11","7.12","3.18","6.89","3.37%"
"YoY %","46.17%","23.57%","6.05%","126.83%","-2,248.03%","-87.21%","463.03%","-48.66%","-42.28%","123.90%","-53.85%","-",""
"Horiz. %","243.54%","166.62%","134.83%","127.14%","-473.88%","22.06%","172.42%","30.62%","59.65%","103.34%","46.15%","100.00%",""
"DY","0.00","0.00","0.00","0.00","0.55","3.75","4.14","2.56","4.22","3.00","1.95","3.22","-"
"YoY %","0.00%","0.00%","0.00%","0.00%","-85.33%","-9.42%","61.72%","-39.34%","40.67%","53.85%","-39.44%","-",""
"Horiz. %","0.00%","0.00%","0.00%","0.00%","17.08%","116.46%","128.57%","79.50%","131.06%","93.17%","60.56%","100.00%",""
"P/NAPS","0.47","0.47","0.73","1.44","0.91","0.55","0.99","1.55","1.30","1.50","1.80","1.78","-9.42%"
"YoY %","0.00%","-35.62%","-49.31%","58.24%","65.45%","-44.44%","-36.13%","19.23%","-13.33%","-16.67%","1.12%","-",""
"Horiz. %","26.40%","26.40%","41.01%","80.90%","51.12%","30.90%","55.62%","87.08%","73.03%","84.27%","101.12%","100.00%",""

