Column1,AQR,T4Q,30/09/18,30/09/17,30/09/16,30/09/15,30/09/14,30/09/13,30/09/12,30/09/11,30/09/10,30/09/09,CAGR
"Revenue","1,130,070","1,220,171","1,390,916","1,599,391","1,740,493","1,942,312","1,867,170","1,594,292","2,241,289","1,671,255","2,044,648","1,758,077","-2.57%"
"YoY %","-7.38%","-12.28%","-13.03%","-8.11%","-10.39%","4.02%","17.12%","-28.87%","34.11%","-18.26%","16.30%","-",""
"Horiz. %","64.28%","69.40%","79.12%","90.97%","99.00%","110.48%","106.21%","90.68%","127.49%","95.06%","116.30%","100.00%",""
"PBT","-49,426","-103,018","-130,113","48,910","-6,924","207,228","122,811","-55,249","428,756","13,844","184,292","205,911","-"
"YoY %","52.02%","20.82%","-366.03%","806.38%","-103.34%","68.74%","322.29%","-112.89%","2,997.05%","-92.49%","-10.50%","-",""
"Horiz. %","-24.00%","-50.03%","-63.19%","23.75%","-3.36%","100.64%","59.64%","-26.83%","208.22%","6.72%","89.50%","100.00%",""
"Tax","-1,836","9,098","9,366","-5,308","-1,298","2,272","-12,926","-6,362","-1,460","-378","-7,905","1,368","23.82%"
"YoY %","-120.18%","-2.86%","276.45%","-308.94%","-157.13%","117.58%","-103.18%","-335.75%","-286.24%","95.22%","-677.85%","-",""
"Horiz. %","-134.21%","665.06%","684.65%","-388.01%","-94.88%","166.08%","-944.88%","-465.06%","-106.73%","-27.63%","-577.85%","100.00%",""
"NP","-51,262","-93,920","-120,747","43,602","-8,222","209,500","109,885","-61,611","427,296","13,466","176,387","207,279","-"
"YoY %","45.42%","22.22%","-376.93%","630.31%","-103.92%","90.65%","278.35%","-114.42%","3,073.15%","-92.37%","-14.90%","-",""
"Horiz. %","-24.73%","-45.31%","-58.25%","21.04%","-3.97%","101.07%","53.01%","-29.72%","206.15%","6.50%","85.10%","100.00%",""
"NP to SH","-51,262","-93,920","-120,747","43,602","-8,222","209,500","109,885","-61,611","427,296","13,466","176,387","207,279","-"
"YoY %","45.42%","22.22%","-376.93%","630.31%","-103.92%","90.65%","278.35%","-114.42%","3,073.15%","-92.37%","-14.90%","-",""
"Horiz. %","-24.73%","-45.31%","-58.25%","21.04%","-3.97%","101.07%","53.01%","-29.72%","206.15%","6.50%","85.10%","100.00%",""
"Tax Rate","-     %","-     %","-     %","10.85    %","-     %","-1.10    %","10.53    %","-     %","0.34    %","2.73    %","4.29    %","-0.66    %","-"
"YoY %","0.00%","0.00%","0.00%","0.00%","0.00%","-110.45%","0.00%","0.00%","-87.55%","-36.36%","750.00%","-",""
"Horiz. %","0.00%","0.00%","0.00%","-1,643.94%","0.00%","166.67%","-1,595.45%","0.00%","-51.52%","-413.64%","-650.00%","100.00%",""
"Total Cost","1,181,332","1,314,091","1,511,663","1,555,789","1,748,715","1,732,812","1,757,285","1,655,903","1,813,993","1,657,789","1,868,261","1,550,798","-0.28%"
"YoY %","-10.10%","-13.07%","-2.84%","-11.03%","0.92%","-1.39%","6.12%","-8.72%","9.42%","-11.27%","20.47%","-",""
"Horiz. %","76.18%","84.74%","97.48%","100.32%","112.76%","111.74%","113.31%","106.78%","116.97%","106.90%","120.47%","100.00%",""
"Net Worth","924,319","924,319","935,241","1,091,459","1,133,197","1,285,123","1,122,021","1,071,707","1,136,675","887,323","879,073","802,337","1.72%"
"YoY %","0.00%","-1.17%","-14.31%","-3.68%","-11.82%","14.54%","4.69%","-5.72%","28.10%","0.94%","9.56%","-",""
"Horiz. %","115.20%","115.20%","116.56%","136.03%","141.24%","160.17%","139.84%","133.57%","141.67%","110.59%","109.56%","100.00%",""
"Div","-","0","10,304","77,284","102,774","137,560","86,356","20,266","163,491","-","79,915","231,400","-29.21%"
"YoY %","0.00%","0.00%","-86.67%","-24.80%","-25.29%","59.29%","326.10%","-87.60%","0.00%","0.00%","-65.46%","-",""
"Horiz. %","0.00%","0.00%","4.45%","33.40%","44.41%","59.45%","37.32%","8.76%","70.65%","0.00%","34.54%","100.00%",""
"Div Payout %","-     %","-     %","-     %","177.25    %","-     %","65.66    %","78.59    %","-     %","38.26    %","-     %","45.31    %","111.64    %","-"
"YoY %","0.00%","0.00%","0.00%","0.00%","0.00%","-16.45%","0.00%","0.00%","0.00%","0.00%","-59.41%","-",""
"Horiz. %","0.00%","0.00%","0.00%","158.77%","0.00%","58.81%","70.40%","0.00%","34.27%","0.00%","40.59%","100.00%",""
"Net Worth","924,319","924,319","935,241","1,091,459","1,133,197","1,285,123","1,122,021","1,071,707","1,136,675","887,323","879,073","802,337","1.72%"
"YoY %","0.00%","-1.17%","-14.31%","-3.68%","-11.82%","14.54%","4.69%","-5.72%","28.10%","0.94%","9.56%","-",""
"Horiz. %","115.20%","115.20%","116.56%","136.03%","141.24%","160.17%","139.84%","133.57%","141.67%","110.59%","109.56%","100.00%",""
"NOSH","2,060,912","2,060,912","2,060,912","2,060,912","2,055,499","2,037,937","2,031,912","2,026,677","2,043,645","2,049,718","2,043,881","2,044,171","0.09%"
"YoY %","0.00%","0.00%","0.00%","0.26%","0.86%","0.30%","0.26%","-0.83%","-0.30%","0.29%","-0.01%","-",""
"Horiz. %","100.82%","100.82%","100.82%","100.82%","100.55%","99.70%","99.40%","99.14%","99.97%","100.27%","99.99%","100.00%",""
"NP Margin","-4.54    %","-7.70    %","-8.68    %","2.73    %","-0.47    %","10.79    %","5.89    %","-3.86    %","19.06    %","0.81    %","8.63    %","11.79    %","-"
"YoY %","41.04%","11.29%","-417.95%","680.85%","-104.36%","83.19%","252.59%","-120.25%","2,253.09%","-90.61%","-26.80%","-",""
"Horiz. %","-38.51%","-65.31%","-73.62%","23.16%","-3.99%","91.52%","49.96%","-32.74%","161.66%","6.87%","73.20%","100.00%",""
"ROE","-5.55    %","-10.16    %","-12.91    %","3.99    %","-0.73    %","16.30    %","9.79    %","-5.75    %","37.59    %","1.52    %","20.07    %","25.83    %","-"
"YoY %","45.37%","21.30%","-423.56%","646.58%","-104.48%","66.50%","270.26%","-115.30%","2,373.03%","-92.43%","-22.30%","-",""
"Horiz. %","-21.49%","-39.33%","-49.98%","15.45%","-2.83%","63.10%","37.90%","-22.26%","145.53%","5.88%","77.70%","100.00%",""
"RPS","54.83","59.21","67.49","77.61","84.67","95.31","91.89","78.67","109.67","81.54","100.04","86.00","-2.66%"
"YoY %","-7.40%","-12.27%","-13.04%","-8.34%","-11.16%","3.72%","16.80%","-28.27%","34.50%","-18.49%","16.33%","-",""
"Horiz. %","63.76%","68.85%","78.48%","90.24%","98.45%","110.83%","106.85%","91.48%","127.52%","94.81%","116.33%","100.00%",""
"EPS","-2.48","-4.56","-5.86","2.12","-0.40","10.28","5.41","-3.04","20.91","0.66","8.63","10.14","-"
"YoY %","45.61%","22.18%","-376.42%","630.00%","-103.89%","90.02%","277.96%","-114.54%","3,068.18%","-92.35%","-14.89%","-",""
"Horiz. %","-24.46%","-44.97%","-57.79%","20.91%","-3.94%","101.38%","53.35%","-29.98%","206.21%","6.51%","85.11%","100.00%",""
"DPS","0.00","0.00","0.50","3.75","5.00","6.75","4.25","1.00","8.00","0.00","3.91","11.32","-29.28%"
"YoY %","0.00%","0.00%","-86.67%","-25.00%","-25.93%","58.82%","325.00%","-87.50%","0.00%","0.00%","-65.46%","-",""
"Horiz. %","0.00%","0.00%","4.42%","33.13%","44.17%","59.63%","37.54%","8.83%","70.67%","0.00%","34.54%","100.00%",""
"NAPS","0.4485","0.4485","0.4538","0.5296","0.5513","0.6306","0.5522","0.5288","0.5562","0.4329","0.4301","0.3925","1.62%"
"YoY %","0.00%","-1.17%","-14.31%","-3.94%","-12.58%","14.20%","4.43%","-4.93%","28.48%","0.65%","9.58%","-",""
"Horiz. %","114.27%","114.27%","115.62%","134.93%","140.46%","160.66%","140.69%","134.73%","141.71%","110.29%","109.58%","100.00%",""
"RPS","54.41","58.75","66.97","77.01","83.80","93.52","89.90","76.76","107.92","80.47","98.45","84.65","-2.57%"
"YoY %","-7.39%","-12.27%","-13.04%","-8.10%","-10.39%","4.03%","17.12%","-28.87%","34.11%","-18.26%","16.30%","-",""
"Horiz. %","64.28%","69.40%","79.11%","90.97%","99.00%","110.48%","106.20%","90.68%","127.49%","95.06%","116.30%","100.00%",""
"EPS","-2.47","-4.52","-5.81","2.10","-0.40","10.09","5.29","-2.97","20.57","0.65","8.49","9.98","-"
"YoY %","45.35%","22.20%","-376.67%","625.00%","-103.96%","90.74%","278.11%","-114.44%","3,064.62%","-92.34%","-14.93%","-",""
"Horiz. %","-24.75%","-45.29%","-58.22%","21.04%","-4.01%","101.10%","53.01%","-29.76%","206.11%","6.51%","85.07%","100.00%",""
"DPS","0.00","0.00","0.50","3.72","4.95","6.62","4.16","0.98","7.87","0.00","3.85","11.14","-29.15%"
"YoY %","0.00%","0.00%","-86.56%","-24.85%","-25.23%","59.13%","324.49%","-87.55%","0.00%","0.00%","-65.44%","-",""
"Horiz. %","0.00%","0.00%","4.49%","33.39%","44.43%","59.43%","37.34%","8.80%","70.65%","0.00%","34.56%","100.00%",""
"NAPS","0.4451","0.4451","0.4503","0.5255","0.5456","0.6188","0.5402","0.5160","0.5473","0.4272","0.4233","0.3863","1.72%"
"YoY %","0.00%","-1.15%","-14.31%","-3.68%","-11.83%","14.55%","4.69%","-5.72%","28.11%","0.92%","9.58%","-",""
"Horiz. %","115.22%","115.22%","116.57%","136.03%","141.24%","160.19%","139.84%","133.57%","141.68%","110.59%","109.58%","100.00%",""
"Date","AQR","T4Q","28/09/18","29/09/17","30/09/16","30/09/15","30/09/14","30/09/13","28/09/12","30/09/11","30/09/10","-","-"
"Price","0.2000","0.2000","0.2750","0.5150","0.5300","0.6700","0.6350","0.6300","0.7800","0.4150","1.0000","0.0000","-"
"P/RPS","0.36","0.34","0.41","0.66","0.63","0.70","0.69","0.80","0.71","0.51","1.00","0.00","-"
"YoY %","5.88%","-17.07%","-37.88%","4.76%","-10.00%","1.45%","-13.75%","12.68%","39.22%","-49.00%","0.00%","-",""
"Horiz. %","36.00%","34.00%","41.00%","66.00%","63.00%","70.00%","69.00%","80.00%","71.00%","51.00%","100.00%","-",""
"P/EPS","-8.04","-4.39","-4.69","24.34","-132.50","6.52","11.74","-20.72","3.73","63.17","11.59","0.00","-"
"YoY %","-83.14%","6.40%","-119.27%","118.37%","-2,132.21%","-44.46%","156.66%","-655.50%","-94.10%","445.04%","0.00%","-",""
"Horiz. %","-69.37%","-37.88%","-40.47%","210.01%","-1,143.23%","56.26%","101.29%","-178.77%","32.18%","545.04%","100.00%","-",""
"EY","-12.44","-22.79","-21.31","4.11","-0.75","15.34","8.52","-4.83","26.81","1.58","8.63","0.00","-"
"YoY %","45.41%","-6.95%","-618.49%","648.00%","-104.89%","80.05%","276.40%","-118.02%","1,596.84%","-81.69%","0.00%","-",""
"Horiz. %","-144.15%","-264.08%","-246.93%","47.62%","-8.69%","177.75%","98.73%","-55.97%","310.66%","18.31%","100.00%","-",""
"DY","0.00","0.00","1.82","7.28","9.43","10.07","6.69","1.59","10.26","0.00","3.91","0.00","-"
"YoY %","0.00%","0.00%","-75.00%","-22.80%","-6.36%","50.52%","320.75%","-84.50%","0.00%","0.00%","0.00%","-",""
"Horiz. %","0.00%","0.00%","46.55%","186.19%","241.18%","257.54%","171.10%","40.66%","262.40%","0.00%","100.00%","-",""
"P/NAPS","0.45","0.45","0.61","0.97","0.96","1.06","1.15","1.19","1.40","0.96","2.33","0.00","-"
"YoY %","0.00%","-26.23%","-37.11%","1.04%","-9.43%","-7.83%","-3.36%","-15.00%","45.83%","-58.80%","0.00%","-",""
"Horiz. %","19.31%","19.31%","26.18%","41.63%","41.20%","45.49%","49.36%","51.07%","60.09%","41.20%","100.00%","-",""
"Date","AQR","T4Q","30/11/18","28/11/17","24/11/16","23/11/15","26/11/14","21/11/13","21/11/12","29/11/11","30/11/10","-","-"
"Price","0.1800","0.1800","0.2350","0.4800","0.5400","0.8800","0.5550","0.5850","0.8500","0.5400","0.8900","0.0000","-"
"P/RPS","0.33","0.30","0.35","0.62","0.64","0.92","0.60","0.74","0.78","0.66","0.89","0.00","-"
"YoY %","10.00%","-14.29%","-43.55%","-3.12%","-30.43%","53.33%","-18.92%","-5.13%","18.18%","-25.84%","0.00%","-",""
"Horiz. %","37.08%","33.71%","39.33%","69.66%","71.91%","103.37%","67.42%","83.15%","87.64%","74.16%","100.00%","-",""
"P/EPS","-7.24","-3.95","-4.01","22.69","-135.00","8.56","10.26","-19.24","4.07","82.20","10.31","0.00","-"
"YoY %","-83.29%","1.50%","-117.67%","116.81%","-1,677.10%","-16.57%","153.33%","-572.73%","-95.05%","697.28%","0.00%","-",""
"Horiz. %","-70.22%","-38.31%","-38.89%","220.08%","-1,309.41%","83.03%","99.52%","-186.61%","39.48%","797.28%","100.00%","-",""
"EY","-13.82","-25.32","-24.93","4.41","-0.74","11.68","9.74","-5.20","24.60","1.22","9.70","0.00","-"
"YoY %","45.42%","-1.56%","-665.31%","695.95%","-106.34%","19.92%","287.31%","-121.14%","1,916.39%","-87.42%","0.00%","-",""
"Horiz. %","-142.47%","-261.03%","-257.01%","45.46%","-7.63%","120.41%","100.41%","-53.61%","253.61%","12.58%","100.00%","-",""
"DY","0.00","0.00","2.13","7.81","9.26","7.67","7.66","1.71","9.41","0.00","4.39","0.00","-"
"YoY %","0.00%","0.00%","-72.73%","-15.66%","20.73%","0.13%","347.95%","-81.83%","0.00%","0.00%","0.00%","-",""
"Horiz. %","0.00%","0.00%","48.52%","177.90%","210.93%","174.72%","174.49%","38.95%","214.35%","0.00%","100.00%","-",""
"P/NAPS","0.40","0.40","0.52","0.91","0.98","1.40","1.01","1.11","1.53","1.25","2.07","0.00","-"
"YoY %","0.00%","-23.08%","-42.86%","-7.14%","-30.00%","38.61%","-9.01%","-27.45%","22.40%","-39.61%","0.00%","-",""
"Horiz. %","19.32%","19.32%","25.12%","43.96%","47.34%","67.63%","48.79%","53.62%","73.91%","60.39%","100.00%","-",""

