Column1,AQR,T4Q,30/06/18,30/06/17,30/06/16,30/06/15,30/06/14,30/06/13,30/06/12,30/06/11,30/06/10,31/12/08,CAGR
"Revenue","3,251,341","3,327,142","3,698,191","2,638,142","2,400,495","2,529,605","2,813,500","2,822,838","3,296,270","4,331,842","2,032,517","3,222,399","1.46%"
"YoY %","-2.28%","-10.03%","40.18%","9.90%","-5.10%","-10.09%","-0.33%","-14.36%","-23.91%","113.13%","-36.93%","-",""
"Horiz. %","100.90%","103.25%","114.77%","81.87%","74.49%","78.50%","87.31%","87.60%","102.29%","134.43%","63.07%","100.00%",""
"PBT","-154,910","-89,798","223,859","110,122","-213,129","-136,743","30,918","44,358","13,771","202,066","8,803","106,538","8.13%"
"YoY %","-72.51%","-140.11%","103.28%","151.67%","-55.86%","-542.28%","-30.30%","222.11%","-93.18%","2,195.42%","-91.74%","-",""
"Horiz. %","-145.40%","-84.29%","210.12%","103.36%","-200.05%","-128.35%","29.02%","41.64%","12.93%","189.67%","8.26%","100.00%",""
"Tax","42,745","41,150","-12,614","-14,929","-6,754","19,784","-11,044","-1,178","-6,533","8,070","7,405","-3,961","12.97%"
"YoY %","3.88%","426.22%","15.51%","-121.04%","-134.14%","279.14%","-837.52%","81.97%","-180.95%","8.98%","286.95%","-",""
"Horiz. %","-1,079.16%","-1,038.88%","318.45%","376.90%","170.51%","-499.47%","278.82%","29.74%","164.93%","-203.74%","-186.95%","100.00%",""
"NP","-112,165","-48,648","211,245","95,193","-219,883","-116,959","19,874","43,180","7,238","210,136","16,208","102,577","7.90%"
"YoY %","-130.57%","-123.03%","121.91%","143.29%","-88.00%","-688.50%","-53.97%","496.57%","-96.56%","1,196.50%","-84.20%","-",""
"Horiz. %","-109.35%","-47.43%","205.94%","92.80%","-214.36%","-114.02%","19.37%","42.10%","7.06%","204.86%","15.80%","100.00%",""
"NP to SH","-112,264","-48,993","210,847","93,295","-221,153","-117,581","18,952","42,177","8,747","210,136","16,208","104,689","7.65%"
"YoY %","-129.14%","-123.24%","126.00%","142.19%","-88.09%","-720.41%","-55.07%","382.19%","-95.84%","1,196.50%","-84.52%","-",""
"Horiz. %","-107.24%","-46.80%","201.40%","89.12%","-211.25%","-112.31%","18.10%","40.29%","8.36%","200.72%","15.48%","100.00%",""
"Tax Rate","-     %","-     %","5.63    %","13.56    %","-     %","-     %","35.72    %","2.66    %","47.44    %","-3.99    %","-84.12    %","3.72    %","4.46%"
"YoY %","0.00%","0.00%","-58.48%","0.00%","0.00%","0.00%","1,242.86%","-94.39%","1,288.97%","95.26%","-2,361.29%","-",""
"Horiz. %","0.00%","0.00%","151.34%","364.52%","0.00%","0.00%","960.22%","71.51%","1,275.27%","-107.26%","-2,261.29%","100.00%",""
"Total Cost","3,363,506","3,375,790","3,486,946","2,542,949","2,620,378","2,646,564","2,793,626","2,779,658","3,289,032","4,121,706","2,016,309","3,119,822","1.18%"
"YoY %","-0.36%","-3.19%","37.12%","-2.95%","-0.99%","-5.26%","0.50%","-15.49%","-20.20%","104.42%","-35.37%","-",""
"Horiz. %","107.81%","108.20%","111.77%","81.51%","83.99%","84.83%","89.54%","89.10%","105.42%","132.11%","64.63%","100.00%",""
"Net Worth","884,630","884,630","966,506","752,447","679,438","906,082","867,580","856,067","833,047","881,484","748,061","757,948","2.59%"
"YoY %","0.00%","-8.47%","28.45%","10.75%","-25.01%","4.44%","1.34%","2.76%","-5.49%","17.84%","-1.30%","-",""
"Horiz. %","116.71%","116.71%","127.52%","99.27%","89.64%","119.54%","114.46%","112.95%","109.91%","116.30%","98.70%","100.00%",""
"Div","-","0","-","12,681","-","-","16,846","29,231","41,652","83,553","20,779","52,344","-"
"YoY %","0.00%","0.00%","0.00%","0.00%","0.00%","0.00%","-42.37%","-29.82%","-50.15%","302.09%","-60.30%","-",""
"Horiz. %","0.00%","0.00%","0.00%","24.23%","0.00%","0.00%","32.18%","55.84%","79.57%","159.62%","39.70%","100.00%",""
"Div Payout %","-     %","-     %","-     %","13.59    %","-     %","-     %","88.89    %","69.31    %","476.19    %","39.76    %","128.21    %","50.00    %","-"
"YoY %","0.00%","0.00%","0.00%","0.00%","0.00%","0.00%","28.25%","-85.44%","1,097.66%","-68.99%","156.42%","-",""
"Horiz. %","0.00%","0.00%","0.00%","27.18%","0.00%","0.00%","177.78%","138.62%","952.38%","79.52%","256.42%","100.00%",""
"Net Worth","884,630","884,630","966,506","752,447","679,438","906,082","867,580","856,067","833,047","881,484","748,061","757,948","2.59%"
"YoY %","0.00%","-8.47%","28.45%","10.75%","-25.01%","4.44%","1.34%","2.76%","-5.49%","17.84%","-1.30%","-",""
"Horiz. %","116.71%","116.71%","127.52%","99.27%","89.64%","119.54%","114.46%","112.95%","109.91%","116.30%","98.70%","100.00%",""
"NOSH","433,642","433,642","433,411","422,723","419,406","419,482","421,155","417,594","416,523","417,765","415,589","418,756","0.36%"
"YoY %","0.00%","0.05%","2.53%","0.79%","-0.02%","-0.40%","0.85%","0.26%","-0.30%","0.52%","-0.76%","-",""
"Horiz. %","103.55%","103.55%","103.50%","100.95%","100.16%","100.17%","100.57%","99.72%","99.47%","99.76%","99.24%","100.00%",""
"NP Margin","-3.45    %","-1.46    %","5.71    %","3.61    %","-9.16    %","-4.62    %","0.71    %","1.53    %","0.22    %","4.85    %","0.80    %","3.18    %","6.35%"
"YoY %","-136.30%","-125.57%","58.17%","139.41%","-98.27%","-750.70%","-53.59%","595.45%","-95.46%","506.25%","-74.84%","-",""
"Horiz. %","-108.49%","-45.91%","179.56%","113.52%","-288.05%","-145.28%","22.33%","48.11%","6.92%","152.52%","25.16%","100.00%",""
"ROE","-12.69    %","-5.54    %","21.82    %","12.40    %","-32.55    %","-12.98    %","2.18    %","4.93    %","1.05    %","23.84    %","2.17    %","13.81    %","4.93%"
"YoY %","-129.06%","-125.39%","75.97%","138.10%","-150.77%","-695.41%","-55.78%","369.52%","-95.60%","998.62%","-84.29%","-",""
"Horiz. %","-91.89%","-40.12%","158.00%","89.79%","-235.70%","-93.99%","15.79%","35.70%","7.60%","172.63%","15.71%","100.00%",""
"RPS","749.77","767.25","853.28","624.08","572.36","603.03","668.04","675.98","791.38","1,036.91","489.07","769.52","1.09%"
"YoY %","-2.28%","-10.08%","36.73%","9.04%","-5.09%","-9.73%","-1.17%","-14.58%","-23.68%","112.02%","-36.44%","-",""
"Horiz. %","97.43%","99.71%","110.88%","81.10%","74.38%","78.36%","86.81%","87.84%","102.84%","134.75%","63.56%","100.00%",""
"EPS","-25.89","-11.30","48.78","22.07","-52.73","-28.03","4.50","10.10","2.10","50.30","3.90","25.00","7.29%"
"YoY %","-129.12%","-123.17%","121.02%","141.85%","-88.12%","-722.89%","-55.45%","380.95%","-95.83%","1,189.74%","-84.40%","-",""
"Horiz. %","-103.56%","-45.20%","195.12%","88.28%","-210.92%","-112.12%","18.00%","40.40%","8.40%","201.20%","15.60%","100.00%",""
"DPS","0.00","0.00","0.00","3.00","0.00","0.00","4.00","7.00","10.00","20.00","5.00","12.50","-"
"YoY %","0.00%","0.00%","0.00%","0.00%","0.00%","0.00%","-42.86%","-30.00%","-50.00%","300.00%","-60.00%","-",""
"Horiz. %","0.00%","0.00%","0.00%","24.00%","0.00%","0.00%","32.00%","56.00%","80.00%","160.00%","40.00%","100.00%",""
"NAPS","2.0400","2.0400","2.2300","1.7800","1.6200","2.1600","2.0600","2.0500","2.0000","2.1100","1.8000","1.8100","2.22%"
"YoY %","0.00%","-8.52%","25.28%","9.88%","-25.00%","4.85%","0.49%","2.50%","-5.21%","17.22%","-0.55%","-",""
"Horiz. %","112.71%","112.71%","123.20%","98.34%","89.50%","119.34%","113.81%","113.26%","110.50%","116.57%","99.45%","100.00%",""
"RPS","749.77","767.25","852.82","608.37","553.57","583.34","648.81","650.96","760.14","998.94","468.71","743.10","1.46%"
"YoY %","-2.28%","-10.03%","40.18%","9.90%","-5.10%","-10.09%","-0.33%","-14.36%","-23.91%","113.13%","-36.93%","-",""
"Horiz. %","100.90%","103.25%","114.77%","81.87%","74.49%","78.50%","87.31%","87.60%","102.29%","134.43%","63.07%","100.00%",""
"EPS","-25.89","-11.30","48.62","21.51","-51.00","-27.11","4.37","9.73","2.02","48.46","3.74","24.14","7.65%"
"YoY %","-129.12%","-123.24%","126.03%","142.18%","-88.12%","-720.37%","-55.09%","381.68%","-95.83%","1,195.72%","-84.51%","-",""
"Horiz. %","-107.25%","-46.81%","201.41%","89.11%","-211.27%","-112.30%","18.10%","40.31%","8.37%","200.75%","15.49%","100.00%",""
"DPS","0.00","0.00","0.00","2.92","0.00","0.00","3.88","6.74","9.61","19.27","4.79","12.07","-"
"YoY %","0.00%","0.00%","0.00%","0.00%","0.00%","0.00%","-42.43%","-29.86%","-50.13%","302.30%","-60.31%","-",""
"Horiz. %","0.00%","0.00%","0.00%","24.19%","0.00%","0.00%","32.15%","55.84%","79.62%","159.65%","39.69%","100.00%",""
"NAPS","2.0400","2.0400","2.2288","1.7352","1.5668","2.0895","2.0007","1.9741","1.9210","2.0327","1.7251","1.7479","2.59%"
"YoY %","0.00%","-8.47%","28.45%","10.75%","-25.02%","4.44%","1.35%","2.76%","-5.50%","17.83%","-1.30%","-",""
"Horiz. %","116.71%","116.71%","127.51%","99.27%","89.64%","119.54%","114.46%","112.94%","109.90%","116.29%","98.70%","100.00%",""
"Date","AQR","T4Q","29/06/18","30/06/17","30/06/16","30/06/15","30/06/14","28/06/13","29/06/12","30/06/11","30/06/10","31/12/08","-"
"Price","0.8300","0.8300","1.5600","1.6900","0.9800","0.9500","1.4200","1.7500","1.8000","2.1200","1.8200","1.3200","-"
"P/RPS","0.11","0.11","0.18","0.27","0.17","0.16","0.21","0.26","0.23","0.20","0.37","0.17","0.60%"
"YoY %","0.00%","-38.89%","-33.33%","58.82%","6.25%","-23.81%","-19.23%","13.04%","15.00%","-45.95%","117.65%","-",""
"Horiz. %","64.71%","64.71%","105.88%","158.82%","100.00%","94.12%","123.53%","152.94%","135.29%","117.65%","217.65%","100.00%",""
"P/EPS","-3.21","-7.35","3.21","7.66","-1.86","-3.39","31.56","17.33","85.71","4.21","44.02","5.28","-5.10%"
"YoY %","56.33%","-328.97%","-58.09%","511.83%","45.13%","-110.74%","82.11%","-79.78%","1,935.87%","-90.44%","733.71%","-",""
"Horiz. %","-60.80%","-139.20%","60.80%","145.08%","-35.23%","-64.20%","597.73%","328.22%","1,623.30%","79.73%","833.71%","100.00%",""
"EY","-31.19","-13.61","31.18","13.06","-53.81","-29.51","3.17","5.77","1.17","23.73","2.27","18.94","5.39%"
"YoY %","-129.17%","-143.65%","138.74%","124.27%","-82.34%","-1,030.91%","-45.06%","393.16%","-95.07%","945.37%","-88.01%","-",""
"Horiz. %","-164.68%","-71.86%","164.63%","68.95%","-284.11%","-155.81%","16.74%","30.46%","6.18%","125.29%","11.99%","100.00%",""
"DY","0.00","0.00","0.00","1.78","0.00","0.00","2.82","4.00","5.56","9.43","2.75","9.47","-"
"YoY %","0.00%","0.00%","0.00%","0.00%","0.00%","0.00%","-29.50%","-28.06%","-41.04%","242.91%","-70.96%","-",""
"Horiz. %","0.00%","0.00%","0.00%","18.80%","0.00%","0.00%","29.78%","42.24%","58.71%","99.58%","29.04%","100.00%",""
"P/NAPS","0.41","0.41","0.70","0.95","0.60","0.44","0.69","0.85","0.90","1.00","1.01","0.73","-0.44%"
"YoY %","0.00%","-41.43%","-26.32%","58.33%","36.36%","-36.23%","-18.82%","-5.56%","-10.00%","-0.99%","38.36%","-",""
"Horiz. %","56.16%","56.16%","95.89%","130.14%","82.19%","60.27%","94.52%","116.44%","123.29%","136.99%","138.36%","100.00%",""
"Date","AQR","T4Q","24/08/18","24/08/17","22/08/16","20/08/15","27/08/14","26/08/13","17/08/12","18/08/11","21/01/10","19/02/09","-"
"Price","0.8950","0.8950","1.7200","2.1300","1.0400","0.8500","1.5200","1.7200","1.9400","2.0700","2.3900","1.4200","-"
"P/RPS","0.12","0.12","0.20","0.34","0.18","0.14","0.23","0.25","0.25","0.20","0.49","0.18","1.12%"
"YoY %","0.00%","-40.00%","-41.18%","88.89%","28.57%","-39.13%","-8.00%","0.00%","25.00%","-59.18%","172.22%","-",""
"Horiz. %","66.67%","66.67%","111.11%","188.89%","100.00%","77.78%","127.78%","138.89%","138.89%","111.11%","272.22%","100.00%",""
"P/EPS","-3.46","-7.92","3.54","9.65","-1.97","-3.03","33.78","17.03","92.38","4.12","57.80","5.68","-4.85%"
"YoY %","56.31%","-323.73%","-63.32%","589.85%","34.98%","-108.97%","98.36%","-81.57%","2,142.23%","-92.87%","917.61%","-",""
"Horiz. %","-60.92%","-139.44%","62.32%","169.89%","-34.68%","-53.35%","594.72%","299.82%","1,626.41%","72.54%","1,017.61%","100.00%",""
"EY","-28.93","-12.62","28.28","10.36","-50.70","-32.98","2.96","5.87","1.08","24.30","1.73","17.61","5.11%"
"YoY %","-129.24%","-144.63%","172.97%","120.43%","-53.73%","-1,214.19%","-49.57%","443.52%","-95.56%","1,304.62%","-90.18%","-",""
"Horiz. %","-164.28%","-71.66%","160.59%","58.83%","-287.90%","-187.28%","16.81%","33.33%","6.13%","137.99%","9.82%","100.00%",""
"DY","0.00","0.00","0.00","1.41","0.00","0.00","2.63","4.07","5.15","9.66","2.09","8.80","-"
"YoY %","0.00%","0.00%","0.00%","0.00%","0.00%","0.00%","-35.38%","-20.97%","-46.69%","362.20%","-76.25%","-",""
"Horiz. %","0.00%","0.00%","0.00%","16.02%","0.00%","0.00%","29.89%","46.25%","58.52%","109.77%","23.75%","100.00%",""
"P/NAPS","0.44","0.44","0.77","1.20","0.64","0.39","0.74","0.84","0.97","0.98","1.33","0.78","-0.14%"
"YoY %","0.00%","-42.86%","-35.83%","87.50%","64.10%","-47.30%","-11.90%","-13.40%","-1.02%","-26.32%","70.51%","-",""
"Horiz. %","56.41%","56.41%","98.72%","153.85%","82.05%","50.00%","94.87%","107.69%","124.36%","125.64%","170.51%","100.00%",""

