Column1,AQR,T4Q,31/12/18,31/12/17,31/12/16,31/12/15,31/12/14,31/12/13,31/12/12,31/12/11,31/12/10,31/12/09,CAGR
"Revenue","86,880","100,673","119,159","160,709","115,329","121,418","153,712","141,791","140,197","139,682","125,369","143,160","-2.02%"
"YoY %","-13.70%","-15.51%","-25.85%","39.35%","-5.01%","-21.01%","8.41%","1.14%","0.37%","11.42%","-12.43%","-",""
"Horiz. %","60.69%","70.32%","83.23%","112.26%","80.56%","84.81%","107.37%","99.04%","97.93%","97.57%","87.57%","100.00%",""
"PBT","9,288","88,384","94,945","33,038","28,024","30,627","52,360","45,475","37,859","33,063","15,590","18,413","19.98%"
"YoY %","-89.49%","-6.91%","187.38%","17.89%","-8.50%","-41.51%","15.14%","20.12%","14.51%","112.08%","-15.33%","-",""
"Horiz. %","50.44%","480.01%","515.64%","179.43%","152.20%","166.33%","284.36%","246.97%","205.61%","179.56%","84.67%","100.00%",""
"Tax","-3,548","-17,849","-18,868","-7,234","-6,623","-4,606","-13,037","-12,375","-9,259","-6,075","-4,079","-3,513","20.52%"
"YoY %","80.12%","5.40%","-160.82%","-9.23%","-43.79%","64.67%","-5.35%","-33.65%","-52.41%","-48.93%","-16.11%","-",""
"Horiz. %","101.00%","508.08%","537.09%","205.92%","188.53%","131.11%","371.11%","352.26%","263.56%","172.93%","116.11%","100.00%",""
"NP","5,740","70,535","76,077","25,804","21,401","26,021","39,323","33,100","28,600","26,988","11,511","14,900","19.85%"
"YoY %","-91.86%","-7.28%","194.83%","20.57%","-17.75%","-33.83%","18.80%","15.73%","5.97%","134.45%","-22.74%","-",""
"Horiz. %","38.52%","473.39%","510.58%","173.18%","143.63%","174.64%","263.91%","222.15%","191.95%","181.13%","77.26%","100.00%",""
"NP to SH","5,298","70,354","75,463","24,323","20,069","23,851","34,948","32,079","27,133","25,208","10,398","14,047","20.53%"
"YoY %","-92.47%","-6.77%","210.25%","21.20%","-15.86%","-31.75%","8.94%","18.23%","7.64%","142.43%","-25.98%","-",""
"Horiz. %","37.72%","500.85%","537.22%","173.15%","142.87%","169.79%","248.79%","228.37%","193.16%","179.45%","74.02%","100.00%",""
"Tax Rate","38.20    %","20.19    %","19.87    %","21.90    %","23.63    %","15.04    %","24.90    %","27.21    %","24.46    %","18.37    %","26.16    %","19.08    %","0.45%"
"YoY %","89.20%","1.61%","-9.27%","-7.32%","57.11%","-39.60%","-8.49%","11.24%","33.15%","-29.78%","37.11%","-",""
"Horiz. %","200.21%","105.82%","104.14%","114.78%","123.85%","78.83%","130.50%","142.61%","128.20%","96.28%","137.11%","100.00%",""
"Total Cost","81,140","30,138","43,082","134,905","93,928","95,397","114,389","108,691","111,597","112,694","113,858","128,260","-11.41%"
"YoY %","169.23%","-30.05%","-68.06%","43.63%","-1.54%","-16.60%","5.24%","-2.60%","-0.97%","-1.02%","-11.23%","-",""
"Horiz. %","63.26%","23.50%","33.59%","105.18%","73.23%","74.38%","89.19%","84.74%","87.01%","87.86%","88.77%","100.00%",""
"Net Worth","715,525","715,525","715,525","642,512","616,665","599,014","580,640","547,423","518,558","489,261","464,079","453,756","5.19%"
"YoY %","0.00%","0.00%","11.36%","4.19%","2.95%","3.16%","6.07%","5.57%","5.99%","5.43%","2.27%","-",""
"Horiz. %","157.69%","157.69%","157.69%","141.60%","135.90%","132.01%","127.96%","120.64%","114.28%","107.82%","102.27%","100.00%",""
"Div","-","0","-","-","-","-","-","5,474","-","-","-","-","-"
"YoY %","0.00%","0.00%","0.00%","0.00%","0.00%","0.00%","0.00%","0.00%","0.00%","0.00%","0.00%","-",""
"Horiz. %","0.00%","0.00%","0.00%","0.00%","0.00%","0.00%","0.00%","100.00%","-","-","-","-",""
"Div Payout %","-     %","-     %","-     %","-     %","-     %","-     %","-     %","17.06    %","-     %","-     %","-     %","-     %","-"
"YoY %","0.00%","0.00%","0.00%","0.00%","0.00%","0.00%","0.00%","0.00%","0.00%","0.00%","0.00%","-",""
"Horiz. %","0.00%","0.00%","0.00%","0.00%","0.00%","0.00%","0.00%","100.00%","-","-","-","-",""
"Net Worth","715,525","715,525","715,525","642,512","616,665","599,014","580,640","547,423","518,558","489,261","464,079","453,756","5.19%"
"YoY %","0.00%","0.00%","11.36%","4.19%","2.95%","3.16%","6.07%","5.57%","5.99%","5.43%","2.27%","-",""
"Horiz. %","157.69%","157.69%","157.69%","141.60%","135.90%","132.01%","127.96%","120.64%","114.28%","107.82%","102.27%","100.00%",""
"NOSH","365,064","365,064","365,064","365,064","364,890","365,252","365,182","364,948","365,181","365,120","365,416","363,005","0.06%"
"YoY %","0.00%","0.00%","0.00%","0.05%","-0.10%","0.02%","0.06%","-0.06%","0.02%","-0.08%","0.66%","-",""
"Horiz. %","100.57%","100.57%","100.57%","100.57%","100.52%","100.62%","100.60%","100.54%","100.60%","100.58%","100.66%","100.00%",""
"NP Margin","6.61    %","70.06    %","63.84    %","16.06    %","18.56    %","21.43    %","25.58    %","23.34    %","20.40    %","19.32    %","9.18    %","10.41    %","22.31%"
"YoY %","-90.57%","9.74%","297.51%","-13.47%","-13.39%","-16.22%","9.60%","14.41%","5.59%","110.46%","-11.82%","-",""
"Horiz. %","63.50%","673.01%","613.26%","154.27%","178.29%","205.86%","245.73%","224.21%","195.97%","185.59%","88.18%","100.00%",""
"ROE","0.74    %","9.83    %","10.55    %","3.79    %","3.25    %","3.98    %","6.02    %","5.86    %","5.23    %","5.15    %","2.24    %","3.10    %","14.57%"
"YoY %","-92.47%","-6.82%","178.36%","16.62%","-18.34%","-33.89%","2.73%","12.05%","1.55%","129.91%","-27.74%","-",""
"Horiz. %","23.87%","317.10%","340.32%","122.26%","104.84%","128.39%","194.19%","189.03%","168.71%","166.13%","72.26%","100.00%",""
"RPS","23.80","27.58","32.64","44.02","31.61","33.24","42.09","38.85","38.39","38.26","34.31","39.44","-2.08%"
"YoY %","-13.71%","-15.50%","-25.85%","39.26%","-4.90%","-21.03%","8.34%","1.20%","0.34%","11.51%","-13.01%","-",""
"Horiz. %","60.34%","69.93%","82.76%","111.61%","80.15%","84.28%","106.72%","98.50%","97.34%","97.01%","86.99%","100.00%",""
"EPS","1.46","19.27","20.67","6.66","5.50","6.53","9.57","8.79","7.43","6.91","2.85","3.87","20.45%"
"YoY %","-92.42%","-6.77%","210.36%","21.09%","-15.77%","-31.77%","8.87%","18.30%","7.53%","142.46%","-26.36%","-",""
"Horiz. %","37.73%","497.93%","534.11%","172.09%","142.12%","168.73%","247.29%","227.13%","191.99%","178.55%","73.64%","100.00%",""
"DPS","0.00","0.00","0.00","0.00","0.00","0.00","0.00","1.50","0.00","0.00","0.00","0.00","-"
"YoY %","0.00%","0.00%","0.00%","0.00%","0.00%","0.00%","0.00%","0.00%","0.00%","0.00%","0.00%","-",""
"Horiz. %","0.00%","0.00%","0.00%","0.00%","0.00%","0.00%","0.00%","100.00%","-","-","-","-",""
"NAPS","1.9600","1.9600","1.9600","1.7600","1.6900","1.6400","1.5900","1.5000","1.4200","1.3400","1.2700","1.2500","5.12%"
"YoY %","0.00%","0.00%","11.36%","4.14%","3.05%","3.14%","6.00%","5.63%","5.97%","5.51%","1.60%","-",""
"Horiz. %","156.80%","156.80%","156.80%","140.80%","135.20%","131.20%","127.20%","120.00%","113.60%","107.20%","101.60%","100.00%",""
"RPS","23.80","27.58","32.64","44.02","31.59","33.26","42.11","38.84","38.40","38.26","34.34","39.22","-2.02%"
"YoY %","-13.71%","-15.50%","-25.85%","39.35%","-5.02%","-21.02%","8.42%","1.15%","0.37%","11.42%","-12.44%","-",""
"Horiz. %","60.68%","70.32%","83.22%","112.24%","80.55%","84.80%","107.37%","99.03%","97.91%","97.55%","87.56%","100.00%",""
"EPS","1.46","19.27","20.67","6.66","5.50","6.53","9.57","8.79","7.43","6.91","2.85","3.85","20.52%"
"YoY %","-92.42%","-6.77%","210.36%","21.09%","-15.77%","-31.77%","8.87%","18.30%","7.53%","142.46%","-25.97%","-",""
"Horiz. %","37.92%","500.52%","536.88%","172.99%","142.86%","169.61%","248.57%","228.31%","192.99%","179.48%","74.03%","100.00%",""
"DPS","0.00","0.00","0.00","0.00","0.00","0.00","0.00","1.50","0.00","0.00","0.00","0.00","-"
"YoY %","0.00%","0.00%","0.00%","0.00%","0.00%","0.00%","0.00%","0.00%","0.00%","0.00%","0.00%","-",""
"Horiz. %","0.00%","0.00%","0.00%","0.00%","0.00%","0.00%","0.00%","100.00%","-","-","-","-",""
"NAPS","1.9600","1.9600","1.9600","1.7600","1.6892","1.6408","1.5905","1.4995","1.4205","1.3402","1.2712","1.2430","5.19%"
"YoY %","0.00%","0.00%","11.36%","4.19%","2.95%","3.16%","6.07%","5.56%","5.99%","5.43%","2.27%","-",""
"Horiz. %","157.68%","157.68%","157.68%","141.59%","135.90%","132.00%","127.96%","120.64%","114.28%","107.82%","102.27%","100.00%",""
"Date","AQR","T4Q","31/12/18","29/12/17","30/12/16","31/12/15","31/12/14","31/12/13","31/12/12","30/12/11","30/12/10","31/12/09","-"
"Price","1.0800","1.0800","0.9200","1.4000","1.0000","0.8700","0.8000","0.9750","0.4700","0.4400","0.5100","0.6000","-"
"P/RPS","4.54","3.92","2.82","3.18","3.16","2.62","1.90","2.51","1.22","1.15","1.49","1.52","7.10%"
"YoY %","15.82%","39.01%","-11.32%","0.63%","20.61%","37.89%","-24.30%","105.74%","6.09%","-22.82%","-1.97%","-",""
"Horiz. %","298.68%","257.89%","185.53%","209.21%","207.89%","172.37%","125.00%","165.13%","80.26%","75.66%","98.03%","100.00%",""
"P/EPS","74.42","5.60","4.45","21.01","18.18","13.32","8.36","11.09","6.33","6.37","17.92","15.51","-12.95%"
"YoY %","1,228.93%","25.84%","-78.82%","15.57%","36.49%","59.33%","-24.62%","75.20%","-0.63%","-64.45%","15.54%","-",""
"Horiz. %","479.82%","36.11%","28.69%","135.46%","117.21%","85.88%","53.90%","71.50%","40.81%","41.07%","115.54%","100.00%",""
"EY","1.34","17.84","22.47","4.76","5.50","7.51","11.96","9.02","15.81","15.69","5.58","6.45","14.87%"
"YoY %","-92.49%","-20.61%","372.06%","-13.45%","-26.76%","-37.21%","32.59%","-42.95%","0.76%","181.18%","-13.49%","-",""
"Horiz. %","20.78%","276.59%","348.37%","73.80%","85.27%","116.43%","185.43%","139.84%","245.12%","243.26%","86.51%","100.00%",""
"DY","0.00","0.00","0.00","0.00","0.00","0.00","0.00","1.54","0.00","0.00","0.00","0.00","-"
"YoY %","0.00%","0.00%","0.00%","0.00%","0.00%","0.00%","0.00%","0.00%","0.00%","0.00%","0.00%","-",""
"Horiz. %","0.00%","0.00%","0.00%","0.00%","0.00%","0.00%","0.00%","100.00%","-","-","-","-",""
"P/NAPS","0.55","0.55","0.47","0.80","0.59","0.53","0.50","0.65","0.33","0.33","0.40","0.48","-0.23%"
"YoY %","0.00%","17.02%","-41.25%","35.59%","11.32%","6.00%","-23.08%","96.97%","0.00%","-17.50%","-16.67%","-",""
"Horiz. %","114.58%","114.58%","97.92%","166.67%","122.92%","110.42%","104.17%","135.42%","68.75%","68.75%","83.33%","100.00%",""
"Date","AQR","T4Q","26/02/19","27/02/18","23/02/17","29/02/16","26/02/15","28/02/14","26/02/13","29/02/12","25/02/11","23/02/10","-"
"Price","1.1000","1.1000","1.0000","1.2500","1.3700","0.7900","0.9200","1.0700","0.5700","0.4700","0.4900","0.6500","-"
"P/RPS","4.62","3.99","3.06","2.84","4.33","2.38","2.19","2.75","1.48","1.23","1.43","1.65","7.10%"
"YoY %","15.79%","30.39%","7.75%","-34.41%","81.93%","8.68%","-20.36%","85.81%","20.33%","-13.99%","-13.33%","-",""
"Horiz. %","280.00%","241.82%","185.45%","172.12%","262.42%","144.24%","132.73%","166.67%","89.70%","74.55%","86.67%","100.00%",""
"P/EPS","75.80","5.71","4.84","18.76","24.91","12.10","9.61","12.17","7.67","6.81","17.22","16.80","-12.91%"
"YoY %","1,227.50%","17.98%","-74.20%","-24.69%","105.87%","25.91%","-21.04%","58.67%","12.63%","-60.45%","2.50%","-",""
"Horiz. %","451.19%","33.99%","28.81%","111.67%","148.27%","72.02%","57.20%","72.44%","45.65%","40.54%","102.50%","100.00%",""
"EY","1.32","17.52","20.67","5.33","4.01","8.27","10.40","8.21","13.04","14.69","5.81","5.95","14.83%"
"YoY %","-92.47%","-15.24%","287.80%","32.92%","-51.51%","-20.48%","26.67%","-37.04%","-11.23%","152.84%","-2.35%","-",""
"Horiz. %","22.18%","294.45%","347.39%","89.58%","67.39%","138.99%","174.79%","137.98%","219.16%","246.89%","97.65%","100.00%",""
"DY","0.00","0.00","0.00","0.00","0.00","0.00","0.00","1.40","0.00","0.00","0.00","0.00","-"
"YoY %","0.00%","0.00%","0.00%","0.00%","0.00%","0.00%","0.00%","0.00%","0.00%","0.00%","0.00%","-",""
"Horiz. %","0.00%","0.00%","0.00%","0.00%","0.00%","0.00%","0.00%","100.00%","-","-","-","-",""
"P/NAPS","0.56","0.56","0.51","0.71","0.81","0.48","0.58","0.71","0.40","0.35","0.39","0.52","-0.22%"
"YoY %","0.00%","9.80%","-28.17%","-12.35%","68.75%","-17.24%","-18.31%","77.50%","14.29%","-10.26%","-25.00%","-",""
"Horiz. %","107.69%","107.69%","98.08%","136.54%","155.77%","92.31%","111.54%","136.54%","76.92%","67.31%","75.00%","100.00%",""

