Column1,AQR,T4Q,31/03/18,31/03/17,31/03/16,31/03/15,31/03/14,31/03/13,31/03/12,31/03/11,31/03/10,31/03/09,CAGR
"Revenue","129,136","117,216","108,736","106,649","128,235","124,441","128,257","100,514","143,292","76,682","82,924","125,634","-1.59%"
"YoY %","10.17%","7.80%","1.96%","-16.83%","3.05%","-2.98%","27.60%","-29.85%","86.87%","-7.53%","-34.00%","-",""
"Horiz. %","102.79%","93.30%","86.55%","84.89%","102.07%","99.05%","102.09%","80.01%","114.06%","61.04%","66.00%","100.00%",""
"PBT","-11,756","-13,798","-12,213","3,613","-3,951","-1,251","1,248","-3,923","-4,745","-43,309","2,924","8,049","-"
"YoY %","14.80%","-12.98%","-438.03%","191.45%","-215.83%","-200.24%","131.81%","17.32%","89.04%","-1,581.16%","-63.67%","-",""
"Horiz. %","-146.06%","-171.43%","-151.73%","44.89%","-49.09%","-15.54%","15.51%","-48.74%","-58.95%","-538.07%","36.33%","100.00%",""
"Tax","32","-47","21","-21","-275","-430","-340","-313","5","-661","-912","-2,731","-"
"YoY %","168.09%","-323.81%","200.00%","92.36%","36.05%","-26.47%","-8.63%","-6,360.00%","100.76%","27.52%","66.61%","-",""
"Horiz. %","-1.17%","1.72%","-0.77%","0.77%","10.07%","15.75%","12.45%","11.46%","-0.18%","24.20%","33.39%","100.00%",""
"NP","-11,724","-13,845","-12,192","3,592","-4,226","-1,681","908","-4,236","-4,740","-43,970","2,012","5,318","-"
"YoY %","15.32%","-13.56%","-439.42%","185.00%","-151.40%","-285.13%","121.44%","10.63%","89.22%","-2,285.39%","-62.17%","-",""
"Horiz. %","-220.46%","-260.34%","-229.26%","67.54%","-79.47%","-31.61%","17.07%","-79.65%","-89.13%","-826.81%","37.83%","100.00%",""
"NP to SH","-10,396","-10,341","-8,659","5,180","-2,031","-553","955","-2,448","-2,625","-40,304","2,291","6,215","-"
"YoY %","-0.53%","-19.42%","-267.16%","355.05%","-267.27%","-157.91%","139.01%","6.74%","93.49%","-1,859.23%","-63.14%","-",""
"Horiz. %","-167.27%","-166.39%","-139.32%","83.35%","-32.68%","-8.90%","15.37%","-39.39%","-42.24%","-648.50%","36.86%","100.00%",""
"Tax Rate","-     %","-     %","-     %","0.58    %","-     %","-     %","27.24    %","-     %","-     %","-     %","31.19    %","33.93    %","-"
"YoY %","0.00%","0.00%","0.00%","0.00%","0.00%","0.00%","0.00%","0.00%","0.00%","0.00%","-8.08%","-",""
"Horiz. %","0.00%","0.00%","0.00%","1.71%","0.00%","0.00%","80.28%","0.00%","0.00%","0.00%","91.92%","100.00%",""
"Total Cost","140,860","131,061","120,928","103,057","132,461","126,122","127,349","104,750","148,032","120,652","80,912","120,316","0.06%"
"YoY %","7.48%","8.38%","17.34%","-22.20%","5.03%","-0.96%","21.57%","-29.24%","22.69%","49.12%","-32.75%","-",""
"Horiz. %","117.08%","108.93%","100.51%","85.66%","110.09%","104.83%","105.85%","87.06%","123.04%","100.28%","67.25%","100.00%",""
"Net Worth","146,018","146,018","148,075","146,000","153,340","151,087","151,618","149,436","151,404","154,561","195,669","196,988","-3.12%"
"YoY %","0.00%","-1.39%","1.42%","-4.79%","1.49%","-0.35%","1.46%","-1.30%","-2.04%","-21.01%","-0.67%","-",""
"Horiz. %","74.13%","74.13%","75.17%","74.12%","77.84%","76.70%","76.97%","75.86%","76.86%","78.46%","99.33%","100.00%",""
"Div","-","0","-","510","-","-","-","-","-","-","983","2,462","-"
"YoY %","0.00%","0.00%","0.00%","0.00%","0.00%","0.00%","0.00%","0.00%","0.00%","0.00%","-60.07%","-",""
"Horiz. %","0.00%","0.00%","0.00%","20.73%","0.00%","0.00%","0.00%","0.00%","0.00%","0.00%","39.93%","100.00%",""
"Div Payout %","-     %","-     %","-     %","9.86    %","-     %","-     %","-     %","-     %","-     %","-     %","42.92    %","39.62    %","-"
"YoY %","0.00%","0.00%","0.00%","0.00%","0.00%","0.00%","0.00%","0.00%","0.00%","0.00%","8.33%","-",""
"Horiz. %","0.00%","0.00%","0.00%","24.89%","0.00%","0.00%","0.00%","0.00%","0.00%","0.00%","108.33%","100.00%",""
"Net Worth","146,018","146,018","148,075","146,000","153,340","151,087","151,618","149,436","151,404","154,561","195,669","196,988","-3.12%"
"YoY %","0.00%","-1.39%","1.42%","-4.79%","1.49%","-0.35%","1.46%","-1.30%","-2.04%","-21.01%","-0.67%","-",""
"Horiz. %","74.13%","74.13%","75.17%","74.12%","77.84%","76.70%","76.97%","75.86%","76.86%","78.46%","99.33%","100.00%",""
"NOSH","102,830","102,830","102,830","102,098","101,550","98,749","98,453","98,313","98,314","98,446","98,326","98,494","0.48%"
"YoY %","0.00%","0.00%","0.72%","0.54%","2.84%","0.30%","0.14%","-0.00%","-0.13%","0.12%","-0.17%","-",""
"Horiz. %","104.40%","104.40%","104.40%","103.66%","103.10%","100.26%","99.96%","99.82%","99.82%","99.95%","99.83%","100.00%",""
"NP Margin","-9.08    %","-11.81    %","-11.21    %","3.37    %","-3.30    %","-1.35    %","0.71    %","-4.21    %","-3.31    %","-57.34    %","2.43    %","4.23    %","-"
"YoY %","23.12%","-5.35%","-432.64%","202.12%","-144.44%","-290.14%","116.86%","-27.19%","94.23%","-2,459.67%","-42.55%","-",""
"Horiz. %","-214.66%","-279.20%","-265.01%","79.67%","-78.01%","-31.91%","16.78%","-99.53%","-78.25%","-1,355.56%","57.45%","100.00%",""
"ROE","-7.12    %","-7.08    %","-5.85    %","3.55    %","-1.32    %","-0.37    %","0.63    %","-1.64    %","-1.73    %","-26.08    %","1.17    %","3.16    %","-"
"YoY %","-0.56%","-21.03%","-264.79%","368.94%","-256.76%","-158.73%","138.41%","5.20%","93.37%","-2,329.06%","-62.97%","-",""
"Horiz. %","-225.32%","-224.05%","-185.13%","112.34%","-41.77%","-11.71%","19.94%","-51.90%","-54.75%","-825.32%","37.03%","100.00%",""
"RPS","125.58","113.99","105.74","104.46","126.28","126.02","130.27","102.24","145.75","77.89","84.34","127.55","-2.06%"
"YoY %","10.17%","7.80%","1.23%","-17.28%","0.21%","-3.26%","27.42%","-29.85%","87.12%","-7.65%","-33.88%","-",""
"Horiz. %","98.46%","89.37%","82.90%","81.90%","99.00%","98.80%","102.13%","80.16%","114.27%","61.07%","66.12%","100.00%",""
"EPS","-10.12","-10.06","-8.42","5.07","-2.00","-0.56","0.97","-2.49","-2.67","-40.94","2.33","6.31","-"
"YoY %","-0.60%","-19.48%","-266.07%","353.50%","-257.14%","-157.73%","138.96%","6.74%","93.48%","-1,857.08%","-63.07%","-",""
"Horiz. %","-160.38%","-159.43%","-133.44%","80.35%","-31.70%","-8.87%","15.37%","-39.46%","-42.31%","-648.81%","36.93%","100.00%",""
"DPS","0.00","0.00","0.00","0.50","0.00","0.00","0.00","0.00","0.00","0.00","1.00","2.50","-"
"YoY %","0.00%","0.00%","0.00%","0.00%","0.00%","0.00%","0.00%","0.00%","0.00%","0.00%","-60.00%","-",""
"Horiz. %","0.00%","0.00%","0.00%","20.00%","0.00%","0.00%","0.00%","0.00%","0.00%","0.00%","40.00%","100.00%",""
"NAPS","1.4200","1.4200","1.4400","1.4300","1.5100","1.5300","1.5400","1.5200","1.5400","1.5700","1.9900","2.0000","-3.58%"
"YoY %","0.00%","-1.39%","0.70%","-5.30%","-1.31%","-0.65%","1.32%","-1.30%","-1.91%","-21.11%","-0.50%","-",""
"Horiz. %","71.00%","71.00%","72.00%","71.50%","75.50%","76.50%","77.00%","76.00%","77.00%","78.50%","99.50%","100.00%",""
"RPS","125.43","113.86","105.62","103.59","124.56","120.87","124.58","97.63","139.18","74.48","80.55","122.03","-1.59%"
"YoY %","10.16%","7.80%","1.96%","-16.84%","3.05%","-2.98%","27.60%","-29.85%","86.87%","-7.54%","-33.99%","-",""
"Horiz. %","102.79%","93.30%","86.55%","84.89%","102.07%","99.05%","102.09%","80.00%","114.05%","61.03%","66.01%","100.00%",""
"EPS","-10.10","-10.04","-8.41","5.03","-1.97","-0.54","0.93","-2.38","-2.55","-39.15","2.23","6.04","-"
"YoY %","-0.60%","-19.38%","-267.20%","355.33%","-264.81%","-158.06%","139.08%","6.67%","93.49%","-1,855.61%","-63.08%","-",""
"Horiz. %","-167.22%","-166.23%","-139.24%","83.28%","-32.62%","-8.94%","15.40%","-39.40%","-42.22%","-648.18%","36.92%","100.00%",""
"DPS","0.00","0.00","0.00","0.50","0.00","0.00","0.00","0.00","0.00","0.00","0.96","2.39","-"
"YoY %","0.00%","0.00%","0.00%","0.00%","0.00%","0.00%","0.00%","0.00%","0.00%","0.00%","-59.83%","-",""
"Horiz. %","0.00%","0.00%","0.00%","20.92%","0.00%","0.00%","0.00%","0.00%","0.00%","0.00%","40.17%","100.00%",""
"NAPS","1.4183","1.4183","1.4383","1.4182","1.4895","1.4676","1.4727","1.4515","1.4706","1.5013","1.9006","1.9134","-3.12%"
"YoY %","0.00%","-1.39%","1.42%","-4.79%","1.49%","-0.35%","1.46%","-1.30%","-2.04%","-21.01%","-0.67%","-",""
"Horiz. %","74.12%","74.12%","75.17%","74.12%","77.85%","76.70%","76.97%","75.86%","76.86%","78.46%","99.33%","100.00%",""
"Date","AQR","T4Q","30/03/18","31/03/17","31/03/16","31/03/15","31/03/14","29/03/13","30/03/12","31/03/11","31/03/10","31/03/09","-"
"Price","0.3300","0.3300","0.3000","0.4650","0.6000","0.8100","1.0500","0.3000","0.4300","0.5600","0.7400","0.5300","-"
"P/RPS","0.26","0.29","0.28","0.45","0.48","0.64","0.81","0.29","0.30","0.72","0.88","0.42","-4.40%"
"YoY %","-10.34%","3.57%","-37.78%","-6.25%","-25.00%","-20.99%","179.31%","-3.33%","-58.33%","-18.18%","109.52%","-",""
"Horiz. %","61.90%","69.05%","66.67%","107.14%","114.29%","152.38%","192.86%","69.05%","71.43%","171.43%","209.52%","100.00%",""
"P/EPS","-3.26","-3.28","-3.56","9.17","-30.00","-144.64","108.25","-12.05","-16.10","-1.37","31.76","8.40","-"
"YoY %","0.61%","7.87%","-138.82%","130.57%","79.26%","-233.62%","998.34%","25.16%","-1,075.18%","-104.31%","278.10%","-",""
"Horiz. %","-38.81%","-39.05%","-42.38%","109.17%","-357.14%","-1,721.90%","1,288.69%","-143.45%","-191.67%","-16.31%","378.10%","100.00%",""
"EY","-30.64","-30.47","-28.07","10.91","-3.33","-0.69","0.92","-8.30","-6.21","-73.11","3.15","11.91","-"
"YoY %","-0.56%","-8.55%","-357.29%","427.63%","-382.61%","-175.00%","111.08%","-33.66%","91.51%","-2,420.95%","-73.55%","-",""
"Horiz. %","-257.26%","-255.84%","-235.68%","91.60%","-27.96%","-5.79%","7.72%","-69.69%","-52.14%","-613.85%","26.45%","100.00%",""
"DY","0.00","0.00","0.00","1.08","0.00","0.00","0.00","0.00","0.00","0.00","1.35","4.72","-"
"YoY %","0.00%","0.00%","0.00%","0.00%","0.00%","0.00%","0.00%","0.00%","0.00%","0.00%","-71.40%","-",""
"Horiz. %","0.00%","0.00%","0.00%","22.88%","0.00%","0.00%","0.00%","0.00%","0.00%","0.00%","28.60%","100.00%",""
"P/NAPS","0.23","0.23","0.21","0.33","0.40","0.53","0.68","0.20","0.28","0.36","0.37","0.27","-2.75%"
"YoY %","0.00%","9.52%","-36.36%","-17.50%","-24.53%","-22.06%","240.00%","-28.57%","-22.22%","-2.70%","37.04%","-",""
"Horiz. %","85.19%","85.19%","77.78%","122.22%","148.15%","196.30%","251.85%","74.07%","103.70%","133.33%","137.04%","100.00%",""
"Date","AQR","T4Q","31/05/18","30/05/17","31/05/16","28/05/15","30/05/14","30/05/13","24/05/12","30/05/11","26/05/10","28/05/09","-"
"Price","0.3600","0.3600","0.3800","0.5450","0.5650","0.7850","1.1000","0.3550","0.3900","0.5000","0.6500","0.9300","-"
"P/RPS","0.29","0.32","0.36","0.52","0.45","0.62","0.84","0.35","0.27","0.64","0.77","0.73","-7.55%"
"YoY %","-9.38%","-11.11%","-30.77%","15.56%","-27.42%","-26.19%","140.00%","29.63%","-57.81%","-16.88%","5.48%","-",""
"Horiz. %","39.73%","43.84%","49.32%","71.23%","61.64%","84.93%","115.07%","47.95%","36.99%","87.67%","105.48%","100.00%",""
"P/EPS","-3.56","-3.58","-4.51","10.74","-28.25","-140.18","113.40","-14.26","-14.61","-1.22","27.90","14.74","-"
"YoY %","0.56%","20.62%","-141.99%","138.02%","79.85%","-223.62%","895.23%","2.40%","-1,097.54%","-104.37%","89.28%","-",""
"Horiz. %","-24.15%","-24.29%","-30.60%","72.86%","-191.66%","-951.02%","769.34%","-96.74%","-99.12%","-8.28%","189.28%","100.00%",""
"EY","-28.08","-27.93","-22.16","9.31","-3.54","-0.71","0.88","-7.01","-6.85","-81.88","3.58","6.78","-"
"YoY %","-0.54%","-26.04%","-338.02%","362.99%","-398.59%","-180.68%","112.55%","-2.34%","91.63%","-2,387.15%","-47.20%","-",""
"Horiz. %","-414.16%","-411.95%","-326.84%","137.32%","-52.21%","-10.47%","12.98%","-103.39%","-101.03%","-1,207.67%","52.80%","100.00%",""
"DY","0.00","0.00","0.00","0.92","0.00","0.00","0.00","0.00","0.00","0.00","1.54","2.69","-"
"YoY %","0.00%","0.00%","0.00%","0.00%","0.00%","0.00%","0.00%","0.00%","0.00%","0.00%","-42.75%","-",""
"Horiz. %","0.00%","0.00%","0.00%","34.20%","0.00%","0.00%","0.00%","0.00%","0.00%","0.00%","57.25%","100.00%",""
"P/NAPS","0.25","0.25","0.26","0.38","0.37","0.51","0.71","0.23","0.25","0.32","0.33","0.47","-6.36%"
"YoY %","0.00%","-3.85%","-31.58%","2.70%","-27.45%","-28.17%","208.70%","-8.00%","-21.87%","-3.03%","-29.79%","-",""
"Horiz. %","53.19%","53.19%","55.32%","80.85%","78.72%","108.51%","151.06%","48.94%","53.19%","68.09%","70.21%","100.00%",""

