Column1,AQR,T4Q,30/06/18,30/06/17,30/06/16,30/06/15,30/06/14,30/06/13,30/06/12,30/06/11,30/06/10,30/06/09,CAGR
"Revenue","66,584","69,348","64,279","69,073","55,778","51,156","55,044","52,392","62,061","51,740","48,609","65,043","-0.13%"
"YoY %","-3.99%","7.89%","-6.94%","23.84%","9.04%","-7.06%","5.06%","-15.58%","19.95%","6.44%","-25.27%","-",""
"Horiz. %","102.37%","106.62%","98.83%","106.20%","85.76%","78.65%","84.63%","80.55%","95.42%","79.55%","74.73%","100.00%",""
"PBT","4,582","3,520","3,364","3,435","128","76","459","-2,519","1,729","1,844","900","3,602","-0.76%"
"YoY %","30.19%","4.64%","-2.07%","2,583.59%","68.42%","-83.44%","118.22%","-245.69%","-6.24%","104.89%","-75.01%","-",""
"Horiz. %","127.23%","97.72%","93.39%","95.36%","3.55%","2.11%","12.74%","-69.93%","48.00%","51.19%","24.99%","100.00%",""
"Tax","-1,181","-1,305","-1,389","-1,165","-552","-591","-686","286","-350","-834","-338","-1,093","2.70%"
"YoY %","9.48%","6.05%","-19.23%","-111.05%","6.60%","13.85%","-339.86%","181.71%","58.03%","-146.75%","69.08%","-",""
"Horiz. %","108.08%","119.40%","127.08%","106.59%","50.50%","54.07%","62.76%","-26.17%","32.02%","76.30%","30.92%","100.00%",""
"NP","3,401","2,215","1,975","2,270","-424","-515","-227","-2,233","1,379","1,010","562","2,509","-2.62%"
"YoY %","53.56%","12.15%","-13.00%","635.38%","17.67%","-126.87%","89.83%","-261.93%","36.53%","79.72%","-77.60%","-",""
"Horiz. %","135.57%","88.28%","78.72%","90.47%","-16.90%","-20.53%","-9.05%","-89.00%","54.96%","40.26%","22.40%","100.00%",""
"NP to SH","3,401","2,215","1,975","2,270","-424","-515","-227","-2,233","1,379","1,010","562","2,509","-2.62%"
"YoY %","53.56%","12.15%","-13.00%","635.38%","17.67%","-126.87%","89.83%","-261.93%","36.53%","79.72%","-77.60%","-",""
"Horiz. %","135.57%","88.28%","78.72%","90.47%","-16.90%","-20.53%","-9.05%","-89.00%","54.96%","40.26%","22.40%","100.00%",""
"Tax Rate","25.78    %","37.07    %","41.29    %","33.92    %","431.25    %","777.63    %","149.46    %","-     %","20.24    %","45.23    %","37.56    %","30.34    %","3.48%"
"YoY %","-30.46%","-10.22%","21.73%","-92.13%","-44.54%","420.29%","0.00%","0.00%","-55.25%","20.42%","23.80%","-",""
"Horiz. %","84.97%","122.18%","136.09%","111.80%","1,421.39%","2,563.05%","492.62%","0.00%","66.71%","149.08%","123.80%","100.00%",""
"Total Cost","63,182","67,133","62,304","66,803","56,202","51,671","55,271","54,625","60,682","50,730","48,047","62,534","-0.04%"
"YoY %","-5.88%","7.75%","-6.73%","18.86%","8.77%","-6.51%","1.18%","-9.98%","19.62%","5.58%","-23.17%","-",""
"Horiz. %","101.04%","107.35%","99.63%","106.83%","89.87%","82.63%","88.39%","87.35%","97.04%","81.12%","76.83%","100.00%",""
"Net Worth","80,000","80,000","79,600","77,600","75,421","75,852","76,399","76,799","76,799","70,260","68,954","70,027","1.43%"
"YoY %","0.00%","0.50%","2.58%","2.89%","-0.57%","-0.72%","-0.52%","0.00%","9.31%","1.89%","-1.53%","-",""
"Horiz. %","114.24%","114.24%","113.67%","110.81%","107.70%","108.32%","109.10%","109.67%","109.67%","100.33%","98.47%","100.00%",""
"Div","-","0","-","-","-","-","-","-","-","-","-","1,200","-"
"YoY %","0.00%","0.00%","0.00%","0.00%","0.00%","0.00%","0.00%","0.00%","0.00%","0.00%","0.00%","-",""
"Horiz. %","0.00%","0.00%","0.00%","0.00%","0.00%","0.00%","0.00%","0.00%","0.00%","0.00%","0.00%","100.00%",""
"Div Payout %","-     %","-     %","-     %","-     %","-     %","-     %","-     %","-     %","-     %","-     %","-     %","47.85    %","-"
"YoY %","0.00%","0.00%","0.00%","0.00%","0.00%","0.00%","0.00%","0.00%","0.00%","0.00%","0.00%","-",""
"Horiz. %","0.00%","0.00%","0.00%","0.00%","0.00%","0.00%","0.00%","0.00%","0.00%","0.00%","0.00%","100.00%",""
"Net Worth","80,000","80,000","79,600","77,600","75,421","75,852","76,399","76,799","76,799","70,260","68,954","70,027","1.43%"
"YoY %","0.00%","0.50%","2.58%","2.89%","-0.57%","-0.72%","-0.52%","0.00%","9.31%","1.89%","-1.53%","-",""
"Horiz. %","114.24%","114.24%","113.67%","110.81%","107.70%","108.32%","109.10%","109.67%","109.67%","100.33%","98.47%","100.00%",""
"NOSH","40,000","40,000","40,000","40,000","39,905","39,922","40,000","40,000","40,000","39,920","39,858","40,015","-0.00%"
"YoY %","0.00%","0.00%","0.00%","0.24%","-0.04%","-0.19%","0.00%","0.00%","0.20%","0.16%","-0.39%","-",""
"Horiz. %","99.96%","99.96%","99.96%","99.96%","99.72%","99.77%","99.96%","99.96%","99.96%","99.76%","99.61%","100.00%",""
"NP Margin","5.11    %","3.19    %","3.07    %","3.29    %","-0.76    %","-1.01    %","-0.41    %","-4.26    %","2.22    %","1.95    %","1.16    %","3.86    %","-2.51%"
"YoY %","60.19%","3.91%","-6.69%","532.89%","24.75%","-146.34%","90.38%","-291.89%","13.85%","68.10%","-69.95%","-",""
"Horiz. %","132.38%","82.64%","79.53%","85.23%","-19.69%","-26.17%","-10.62%","-110.36%","57.51%","50.52%","30.05%","100.00%",""
"ROE","4.25    %","2.77    %","2.48    %","2.93    %","-0.56    %","-0.68    %","-0.30    %","-2.91    %","1.80    %","1.44    %","0.82    %","3.58    %","-3.99%"
"YoY %","53.43%","11.69%","-15.36%","623.21%","17.65%","-126.67%","89.69%","-261.67%","25.00%","75.61%","-77.09%","-",""
"Horiz. %","118.72%","77.37%","69.27%","81.84%","-15.64%","-18.99%","-8.38%","-81.28%","50.28%","40.22%","22.91%","100.00%",""
"RPS","166.46","173.37","160.70","172.68","139.77","128.14","137.61","130.98","155.15","129.61","121.95","162.54","-0.13%"
"YoY %","-3.99%","7.88%","-6.94%","23.55%","9.08%","-6.88%","5.06%","-15.58%","19.71%","6.28%","-24.97%","-",""
"Horiz. %","102.41%","106.66%","98.87%","106.24%","85.99%","78.84%","84.66%","80.58%","95.45%","79.74%","75.03%","100.00%",""
"EPS","8.51","5.54","4.94","5.68","-1.06","-1.29","-0.57","-5.58","3.45","2.53","1.41","6.27","-2.61%"
"YoY %","53.61%","12.15%","-13.03%","635.85%","17.83%","-126.32%","89.78%","-261.74%","36.36%","79.43%","-77.51%","-",""
"Horiz. %","135.73%","88.36%","78.79%","90.59%","-16.91%","-20.57%","-9.09%","-89.00%","55.02%","40.35%","22.49%","100.00%",""
"DPS","0.00","0.00","0.00","0.00","0.00","0.00","0.00","0.00","0.00","0.00","0.00","3.00","-"
"YoY %","0.00%","0.00%","0.00%","0.00%","0.00%","0.00%","0.00%","0.00%","0.00%","0.00%","0.00%","-",""
"Horiz. %","0.00%","0.00%","0.00%","0.00%","0.00%","0.00%","0.00%","0.00%","0.00%","0.00%","0.00%","100.00%",""
"NAPS","2.0000","2.0000","1.9900","1.9400","1.8900","1.9000","1.9100","1.9200","1.9200","1.7600","1.7300","1.7500","1.44%"
"YoY %","0.00%","0.50%","2.58%","2.65%","-0.53%","-0.52%","-0.52%","0.00%","9.09%","1.73%","-1.14%","-",""
"Horiz. %","114.29%","114.29%","113.71%","110.86%","108.00%","108.57%","109.14%","109.71%","109.71%","100.57%","98.86%","100.00%",""
"RPS","166.46","173.37","160.70","172.68","139.45","127.89","137.61","130.98","155.15","129.35","121.52","162.61","-0.13%"
"YoY %","-3.99%","7.88%","-6.94%","23.83%","9.04%","-7.06%","5.06%","-15.58%","19.95%","6.44%","-25.27%","-",""
"Horiz. %","102.37%","106.62%","98.83%","106.19%","85.76%","78.65%","84.63%","80.55%","95.41%","79.55%","74.73%","100.00%",""
"EPS","8.51","5.54","4.94","5.68","-1.06","-1.29","-0.57","-5.58","3.45","2.53","1.41","6.27","-2.61%"
"YoY %","53.61%","12.15%","-13.03%","635.85%","17.83%","-126.32%","89.78%","-261.74%","36.36%","79.43%","-77.51%","-",""
"Horiz. %","135.73%","88.36%","78.79%","90.59%","-16.91%","-20.57%","-9.09%","-89.00%","55.02%","40.35%","22.49%","100.00%",""
"DPS","0.00","0.00","0.00","0.00","0.00","0.00","0.00","0.00","0.00","0.00","0.00","3.00","-"
"YoY %","0.00%","0.00%","0.00%","0.00%","0.00%","0.00%","0.00%","0.00%","0.00%","0.00%","0.00%","-",""
"Horiz. %","0.00%","0.00%","0.00%","0.00%","0.00%","0.00%","0.00%","0.00%","0.00%","0.00%","0.00%","100.00%",""
"NAPS","2.0000","2.0000","1.9900","1.9400","1.8855","1.8963","1.9100","1.9200","1.9200","1.7565","1.7239","1.7507","1.43%"
"YoY %","0.00%","0.50%","2.58%","2.89%","-0.57%","-0.72%","-0.52%","0.00%","9.31%","1.89%","-1.53%","-",""
"Horiz. %","114.24%","114.24%","113.67%","110.81%","107.70%","108.32%","109.10%","109.67%","109.67%","100.33%","98.47%","100.00%",""
"Date","AQR","T4Q","29/06/18","30/06/17","30/06/16","30/06/15","30/06/14","28/06/13","29/06/12","30/06/11","30/06/10","30/06/09","-"
"Price","0.6000","0.6000","0.5200","0.8550","0.6200","0.6200","0.6000","0.5000","0.5300","0.3700","0.5100","0.3500","-"
"P/RPS","0.36","0.35","0.32","0.50","0.44","0.48","0.44","0.38","0.34","0.29","0.42","0.22","4.25%"
"YoY %","2.86%","9.38%","-36.00%","13.64%","-8.33%","9.09%","15.79%","11.76%","17.24%","-30.95%","90.91%","-",""
"Horiz. %","163.64%","159.09%","145.45%","227.27%","200.00%","218.18%","200.00%","172.73%","154.55%","131.82%","190.91%","100.00%",""
"P/EPS","7.06","10.84","10.53","15.07","-58.35","-48.06","-105.73","-8.96","15.37","14.62","36.17","5.58","7.31%"
"YoY %","-34.87%","2.94%","-30.13%","125.83%","-21.41%","54.54%","-1,080.02%","-158.30%","5.13%","-59.58%","548.21%","-",""
"Horiz. %","126.52%","194.27%","188.71%","270.07%","-1,045.70%","-861.29%","-1,894.80%","-160.57%","275.45%","262.01%","648.21%","100.00%",""
"EY","14.17","9.23","9.50","6.64","-1.71","-2.08","-0.95","-11.17","6.50","6.84","2.76","17.91","-6.80%"
"YoY %","53.52%","-2.84%","43.07%","488.30%","17.79%","-118.95%","91.50%","-271.85%","-4.97%","147.83%","-84.59%","-",""
"Horiz. %","79.12%","51.54%","53.04%","37.07%","-9.55%","-11.61%","-5.30%","-62.37%","36.29%","38.19%","15.41%","100.00%",""
"DY","0.00","0.00","0.00","0.00","0.00","0.00","0.00","0.00","0.00","0.00","0.00","8.57","-"
"YoY %","0.00%","0.00%","0.00%","0.00%","0.00%","0.00%","0.00%","0.00%","0.00%","0.00%","0.00%","-",""
"Horiz. %","0.00%","0.00%","0.00%","0.00%","0.00%","0.00%","0.00%","0.00%","0.00%","0.00%","0.00%","100.00%",""
"P/NAPS","0.30","0.30","0.26","0.44","0.33","0.33","0.31","0.26","0.28","0.21","0.29","0.20","2.96%"
"YoY %","0.00%","15.38%","-40.91%","33.33%","0.00%","6.45%","19.23%","-7.14%","33.33%","-27.59%","45.00%","-",""
"Horiz. %","150.00%","150.00%","130.00%","220.00%","165.00%","165.00%","155.00%","130.00%","140.00%","105.00%","145.00%","100.00%",""
"Date","AQR","T4Q","28/08/18","30/08/17","29/08/16","27/08/15","29/08/14","30/08/13","29/08/12","26/08/11","30/08/10","28/08/09","-"
"Price","0.5700","0.5700","0.5550","0.7600","0.6100","0.5800","0.6500","0.4200","0.4700","0.5000","0.4200","0.3600","-"
"P/RPS","0.34","0.33","0.35","0.44","0.44","0.45","0.47","0.32","0.30","0.39","0.34","0.22","5.29%"
"YoY %","3.03%","-5.71%","-20.45%","0.00%","-2.22%","-4.26%","46.88%","6.67%","-23.08%","14.71%","54.55%","-",""
"Horiz. %","154.55%","150.00%","159.09%","200.00%","200.00%","204.55%","213.64%","145.45%","136.36%","177.27%","154.55%","100.00%",""
"P/EPS","6.70","10.29","11.24","13.39","-57.41","-44.96","-114.54","-7.52","13.63","19.76","29.79","5.74","7.75%"
"YoY %","-34.89%","-8.45%","-16.06%","123.32%","-27.69%","60.75%","-1,423.14%","-155.17%","-31.02%","-33.67%","418.99%","-",""
"Horiz. %","116.72%","179.27%","195.82%","233.28%","-1,000.17%","-783.28%","-1,995.47%","-131.01%","237.46%","344.25%","518.99%","100.00%",""
"EY","14.92","9.71","8.90","7.47","-1.74","-2.22","-0.87","-13.29","7.34","5.06","3.36","17.42","-7.19%"
"YoY %","53.66%","9.10%","19.14%","529.31%","21.62%","-155.17%","93.45%","-281.06%","45.06%","50.60%","-80.71%","-",""
"Horiz. %","85.65%","55.74%","51.09%","42.88%","-9.99%","-12.74%","-4.99%","-76.29%","42.14%","29.05%","19.29%","100.00%",""
"DY","0.00","0.00","0.00","0.00","0.00","0.00","0.00","0.00","0.00","0.00","0.00","8.33","-"
"YoY %","0.00%","0.00%","0.00%","0.00%","0.00%","0.00%","0.00%","0.00%","0.00%","0.00%","0.00%","-",""
"Horiz. %","0.00%","0.00%","0.00%","0.00%","0.00%","0.00%","0.00%","0.00%","0.00%","0.00%","0.00%","100.00%",""
"P/NAPS","0.29","0.29","0.28","0.39","0.32","0.31","0.34","0.22","0.24","0.28","0.24","0.21","3.25%"
"YoY %","0.00%","3.57%","-28.21%","21.87%","3.23%","-8.82%","54.55%","-8.33%","-14.29%","16.67%","14.29%","-",""
"Horiz. %","138.10%","138.10%","133.33%","185.71%","152.38%","147.62%","161.90%","104.76%","114.29%","133.33%","114.29%","100.00%",""

