Column1,AQR,T4Q,31/01/19,31/01/18,31/01/17,31/01/16,31/01/15,31/01/14,31/01/13,31/01/12,31/01/11,31/01/10,CAGR
"Revenue","45,900","50,461","53,267","58,627","64,978","70,040","73,358","63,170","63,306","61,645","64,778","67,397","-2.58%"
"YoY %","-9.04%","-5.27%","-9.14%","-9.77%","-7.23%","-4.52%","16.13%","-0.21%","2.69%","-4.84%","-3.89%","-",""
"Horiz. %","68.10%","74.87%","79.03%","86.99%","96.41%","103.92%","108.84%","93.73%","93.93%","91.47%","96.11%","100.00%",""
"PBT","998","299","-1,837","1,700","3,343","7,184","6,292","1,715","3,767","2,998","4,064","4,054","-"
"YoY %","233.78%","116.28%","-208.06%","-49.15%","-53.47%","14.18%","266.88%","-54.47%","25.65%","-26.23%","0.25%","-",""
"Horiz. %","24.62%","7.38%","-45.31%","41.93%","82.46%","177.21%","155.20%","42.30%","92.92%","73.95%","100.25%","100.00%",""
"Tax","0","-93","-93","-500","-425","-1,241","-1,688","-508","-314","3","-345","-301","-12.23%"
"YoY %","0.00%","0.00%","81.40%","-17.65%","65.75%","26.48%","-232.28%","-61.78%","-10,566.67%","100.87%","-14.62%","-",""
"Horiz. %","-0.00%","30.90%","30.90%","166.11%","141.20%","412.29%","560.80%","168.77%","104.32%","-1.00%","114.62%","100.00%",""
"NP","998","206","-1,930","1,200","2,918","5,943","4,604","1,207","3,453","3,001","3,719","3,753","-"
"YoY %","384.47%","110.67%","-260.83%","-58.88%","-50.90%","29.08%","281.44%","-65.04%","15.06%","-19.31%","-0.91%","-",""
"Horiz. %","26.59%","5.49%","-51.43%","31.97%","77.75%","158.35%","122.68%","32.16%","92.01%","79.96%","99.09%","100.00%",""
"NP to SH","998","206","-1,930","1,200","2,918","5,943","4,604","1,295","3,489","3,001","3,719","3,753","-"
"YoY %","384.47%","110.67%","-260.83%","-58.88%","-50.90%","29.08%","255.52%","-62.88%","16.26%","-19.31%","-0.91%","-",""
"Horiz. %","26.59%","5.49%","-51.43%","31.97%","77.75%","158.35%","122.68%","34.51%","92.97%","79.96%","99.09%","100.00%",""
"Tax Rate","-     %","31.10    %","-     %","29.41    %","12.71    %","17.27    %","26.83    %","29.62    %","8.34    %","-0.10    %","8.49    %","7.42    %","-"
"YoY %","0.00%","0.00%","0.00%","131.39%","-26.40%","-35.63%","-9.42%","255.16%","8,440.00%","-101.18%","14.42%","-",""
"Horiz. %","0.00%","419.14%","0.00%","396.36%","171.29%","232.75%","361.59%","399.19%","112.40%","-1.35%","114.42%","100.00%",""
"Total Cost","44,902","50,255","55,197","57,427","62,060","64,097","68,754","61,963","59,853","58,644","61,059","63,644","-1.57%"
"YoY %","-10.65%","-8.95%","-3.88%","-7.47%","-3.18%","-6.77%","10.96%","3.53%","2.06%","-3.96%","-4.06%","-",""
"Horiz. %","70.55%","78.96%","86.73%","90.23%","97.51%","100.71%","108.03%","97.36%","94.04%","92.14%","95.94%","100.00%",""
"Net Worth","63,033","63,160","62,660","68,220","70,323","72,578","72,502","73,262","75,422","78,836","79,791","73,069","-1.69%"
"YoY %","-0.20%","0.80%","-8.15%","-2.99%","-3.11%","0.10%","-1.04%","-2.86%","-4.33%","-1.20%","9.20%","-",""
"Horiz. %","86.27%","86.44%","85.75%","93.36%","96.24%","99.33%","99.22%","100.26%","103.22%","107.89%","109.20%","100.00%",""
"Div","-","0","-","4,000","3,964","5,962","4,996","4,008","4,448","4,001","4,001","4,001","-"
"YoY %","0.00%","0.00%","0.00%","0.89%","-33.51%","19.34%","24.64%","-9.88%","11.17%","0.01%","0.00%","-",""
"Horiz. %","0.00%","0.00%","0.00%","99.97%","99.09%","149.03%","124.88%","100.20%","111.18%","100.01%","100.00%","100.00%",""
"Div Payout %","-     %","-     %","-     %","333.33    %","135.87    %","100.33    %","108.53    %","309.57    %","127.49    %","133.33    %","107.58    %","106.61    %","-"
"YoY %","0.00%","0.00%","0.00%","145.33%","35.42%","-7.56%","-64.94%","142.82%","-4.38%","23.94%","0.91%","-",""
"Horiz. %","0.00%","0.00%","0.00%","312.66%","127.45%","94.11%","101.80%","290.38%","119.59%","125.06%","100.91%","100.00%",""
"Net Worth","63,033","63,160","62,660","68,220","70,323","72,578","72,502","73,262","75,422","78,836","79,791","73,069","-1.69%"
"YoY %","-0.20%","0.80%","-8.15%","-2.99%","-3.11%","0.10%","-1.04%","-2.86%","-4.33%","-1.20%","9.20%","-",""
"Horiz. %","86.27%","86.44%","85.75%","93.36%","96.24%","99.33%","99.22%","100.26%","103.22%","107.89%","109.20%","100.00%",""
"NOSH","99,800","100,000","100,000","100,000","99,117","99,381","99,934","100,222","98,850","100,033","100,026","100,026","-0.00%"
"YoY %","-0.20%","0.00%","0.00%","0.89%","-0.27%","-0.55%","-0.29%","1.39%","-1.18%","0.01%","0.00%","-",""
"Horiz. %","99.77%","99.97%","99.97%","99.97%","99.09%","99.35%","99.91%","100.20%","98.82%","100.01%","100.00%","100.00%",""
"NP Margin","2.17    %","0.41    %","-3.62    %","2.05    %","4.49    %","8.49    %","6.28    %","1.91    %","5.45    %","4.87    %","5.74    %","5.57    %","-"
"YoY %","429.27%","111.33%","-276.59%","-54.34%","-47.11%","35.19%","228.80%","-64.95%","11.91%","-15.16%","3.05%","-",""
"Horiz. %","38.96%","7.36%","-64.99%","36.80%","80.61%","152.42%","112.75%","34.29%","97.85%","87.43%","103.05%","100.00%",""
"ROE","1.58    %","0.33    %","-3.08    %","1.76    %","4.15    %","8.19    %","6.35    %","1.77    %","4.63    %","3.81    %","4.66    %","5.14    %","-"
"YoY %","378.79%","110.71%","-275.00%","-57.59%","-49.33%","28.98%","258.76%","-61.77%","21.52%","-18.24%","-9.34%","-",""
"Horiz. %","30.74%","6.42%","-59.92%","34.24%","80.74%","159.34%","123.54%","34.44%","90.08%","74.12%","90.66%","100.00%",""
"RPS","45.99","50.46","53.27","58.63","65.56","70.48","73.41","63.03","64.04","61.62","64.76","67.38","-2.58%"
"YoY %","-8.86%","-5.28%","-9.14%","-10.57%","-6.98%","-3.99%","16.47%","-1.58%","3.93%","-4.85%","-3.89%","-",""
"Horiz. %","68.25%","74.89%","79.06%","87.01%","97.30%","104.60%","108.95%","93.54%","95.04%","91.45%","96.11%","100.00%",""
"EPS","1.00","0.21","-1.93","1.20","2.92","5.98","3.95","1.29","3.49","3.04","3.72","3.75","-"
"YoY %","376.19%","110.88%","-260.83%","-58.90%","-51.17%","51.39%","206.20%","-63.04%","14.80%","-18.28%","-0.80%","-",""
"Horiz. %","26.67%","5.60%","-51.47%","32.00%","77.87%","159.47%","105.33%","34.40%","93.07%","81.07%","99.20%","100.00%",""
"DPS","0.00","0.00","0.00","4.00","4.00","6.00","5.00","4.00","4.50","4.00","4.00","4.00","-"
"YoY %","0.00%","0.00%","0.00%","0.00%","-33.33%","20.00%","25.00%","-11.11%","12.50%","0.00%","0.00%","-",""
"Horiz. %","0.00%","0.00%","0.00%","100.00%","100.00%","150.00%","125.00%","100.00%","112.50%","100.00%","100.00%","100.00%",""
"NAPS","0.6316","0.6316","0.6266","0.6822","0.7095","0.7303","0.7255","0.7310","0.7630","0.7881","0.7977","0.7305","-1.69%"
"YoY %","0.00%","0.80%","-8.15%","-3.85%","-2.85%","0.66%","-0.75%","-4.19%","-3.18%","-1.20%","9.20%","-",""
"Horiz. %","86.46%","86.46%","85.78%","93.39%","97.13%","99.97%","99.32%","100.07%","104.45%","107.89%","109.20%","100.00%",""
"RPS","45.90","50.46","53.27","58.63","64.98","70.04","73.36","63.17","63.31","61.65","64.78","67.40","-2.58%"
"YoY %","-9.04%","-5.28%","-9.14%","-9.77%","-7.22%","-4.53%","16.13%","-0.22%","2.69%","-4.83%","-3.89%","-",""
"Horiz. %","68.10%","74.87%","79.04%","86.99%","96.41%","103.92%","108.84%","93.72%","93.93%","91.47%","96.11%","100.00%",""
"EPS","1.00","0.21","-1.93","1.20","2.92","5.94","4.60","1.30","3.49","3.00","3.72","3.75","-"
"YoY %","376.19%","110.88%","-260.83%","-58.90%","-50.84%","29.13%","253.85%","-62.75%","16.33%","-19.35%","-0.80%","-",""
"Horiz. %","26.67%","5.60%","-51.47%","32.00%","77.87%","158.40%","122.67%","34.67%","93.07%","80.00%","99.20%","100.00%",""
"DPS","0.00","0.00","0.00","4.00","3.96","5.96","5.00","4.01","4.45","4.00","4.00","4.00","-"
"YoY %","0.00%","0.00%","0.00%","1.01%","-33.56%","19.20%","24.69%","-9.89%","11.25%","0.00%","0.00%","-",""
"Horiz. %","0.00%","0.00%","0.00%","100.00%","99.00%","149.00%","125.00%","100.25%","111.25%","100.00%","100.00%","100.00%",""
"NAPS","0.6303","0.6316","0.6266","0.6822","0.7032","0.7258","0.7250","0.7326","0.7542","0.7884","0.7979","0.7307","-1.69%"
"YoY %","-0.21%","0.80%","-8.15%","-2.99%","-3.11%","0.11%","-1.04%","-2.86%","-4.34%","-1.19%","9.20%","-",""
"Horiz. %","86.26%","86.44%","85.75%","93.36%","96.24%","99.33%","99.22%","100.26%","103.22%","107.90%","109.20%","100.00%",""
"Date","AQR","T4Q","31/01/19","30/01/18","31/01/17","29/01/16","30/01/15","30/01/14","31/01/13","31/01/12","31/01/11","29/01/10","-"
"Price","0.4350","0.4350","0.5600","0.6400","0.7850","0.8650","0.5600","0.5050","0.4800","0.4700","0.5200","0.5000","-"
"P/RPS","0.95","0.86","1.05","1.09","1.20","1.23","0.76","0.80","0.75","0.76","0.80","0.74","3.96%"
"YoY %","10.47%","-18.10%","-3.67%","-9.17%","-2.44%","61.84%","-5.00%","6.67%","-1.32%","-5.00%","8.11%","-",""
"Horiz. %","128.38%","116.22%","141.89%","147.30%","162.16%","166.22%","102.70%","108.11%","101.35%","102.70%","108.11%","100.00%",""
"P/EPS","43.50","211.17","-29.02","53.33","26.66","14.46","12.16","39.08","13.60","15.67","13.99","13.33","-"
"YoY %","-79.40%","827.67%","-154.42%","100.04%","84.37%","18.91%","-68.88%","187.35%","-13.21%","12.01%","4.95%","-",""
"Horiz. %","326.33%","1,584.17%","-217.70%","400.08%","200.00%","108.48%","91.22%","293.17%","102.03%","117.55%","104.95%","100.00%",""
"EY","2.30","0.47","-3.45","1.88","3.75","6.91","8.23","2.56","7.35","6.38","7.15","7.50","-"
"YoY %","389.36%","113.62%","-283.51%","-49.87%","-45.73%","-16.04%","221.48%","-65.17%","15.20%","-10.77%","-4.67%","-",""
"Horiz. %","30.67%","6.27%","-46.00%","25.07%","50.00%","92.13%","109.73%","34.13%","98.00%","85.07%","95.33%","100.00%",""
"DY","0.00","0.00","0.00","6.25","5.10","6.94","8.93","7.92","9.38","8.51","7.69","8.00","-"
"YoY %","0.00%","0.00%","0.00%","22.55%","-26.51%","-22.28%","12.75%","-15.57%","10.22%","10.66%","-3.87%","-",""
"Horiz. %","0.00%","0.00%","0.00%","78.12%","63.75%","86.75%","111.62%","99.00%","117.25%","106.38%","96.12%","100.00%",""
"P/NAPS","0.69","0.69","0.89","0.94","1.11","1.18","0.77","0.69","0.63","0.60","0.65","0.68","3.03%"
"YoY %","0.00%","-22.47%","-5.32%","-15.32%","-5.93%","53.25%","11.59%","9.52%","5.00%","-7.69%","-4.41%","-",""
"Horiz. %","101.47%","101.47%","130.88%","138.24%","163.24%","173.53%","113.24%","101.47%","92.65%","88.24%","95.59%","100.00%",""
"Date","-","-","28/03/19","19/03/18","20/03/17","21/03/16","30/03/15","25/03/14","29/03/13","27/03/12","30/03/11","31/03/10","-"
"Price","0.3800","0.3800","0.4200","0.6000","0.8150","0.8700","0.6650","0.5950","0.5200","0.4900","0.5000","0.5100","-"
"P/RPS","0.83","0.75","0.79","1.02","1.24","1.23","0.91","0.94","0.81","0.80","0.77","0.76","0.43%"
"YoY %","10.67%","-5.06%","-22.55%","-17.74%","0.81%","35.16%","-3.19%","16.05%","1.25%","3.90%","1.32%","-",""
"Horiz. %","109.21%","98.68%","103.95%","134.21%","163.16%","161.84%","119.74%","123.68%","106.58%","105.26%","101.32%","100.00%",""
"P/EPS","38.00","184.47","-21.76","50.00","27.68","14.55","14.43","46.05","14.73","16.33","13.45","13.59","-"
"YoY %","-79.40%","947.75%","-143.52%","80.64%","90.24%","0.83%","-68.66%","212.63%","-9.80%","21.41%","-1.03%","-",""
"Horiz. %","279.62%","1,357.40%","-160.12%","367.92%","203.68%","107.06%","106.18%","338.85%","108.39%","120.16%","98.97%","100.00%",""
"EY","2.63","0.54","-4.60","2.00","3.61","6.87","6.93","2.17","6.79","6.12","7.44","7.36","-"
"YoY %","387.04%","111.74%","-330.00%","-44.60%","-47.45%","-0.87%","219.35%","-68.04%","10.95%","-17.74%","1.09%","-",""
"Horiz. %","35.73%","7.34%","-62.50%","27.17%","49.05%","93.34%","94.16%","29.48%","92.26%","83.15%","101.09%","100.00%",""
"DY","0.00","0.00","0.00","6.67","4.91","6.90","7.52","6.72","8.65","8.16","8.00","7.84","-"
"YoY %","0.00%","0.00%","0.00%","35.85%","-28.84%","-8.24%","11.90%","-22.31%","6.00%","2.00%","2.04%","-",""
"Horiz. %","0.00%","0.00%","0.00%","85.08%","62.63%","88.01%","95.92%","85.71%","110.33%","104.08%","102.04%","100.00%",""
"P/NAPS","0.60","0.60","0.67","0.88","1.15","1.19","0.92","0.81","0.68","0.62","0.63","0.70","-0.49%"
"YoY %","0.00%","-10.45%","-23.86%","-23.48%","-3.36%","29.35%","13.58%","19.12%","9.68%","-1.59%","-10.00%","-",""
"Horiz. %","85.71%","85.71%","95.71%","125.71%","164.29%","170.00%","131.43%","115.71%","97.14%","88.57%","90.00%","100.00%",""

