Column1,AQR,T4Q,30/04/18,30/04/17,30/04/16,30/04/15,30/04/14,30/04/13,30/04/12,30/04/11,30/04/10,30/04/09,CAGR
"Revenue","104,394","103,654","109,385","106,269","90,411","74,509","61,787","59,959","61,157","65,717","61,720","65,836","5.80%"
"YoY %","0.71%","-5.24%","2.93%","17.54%","21.34%","20.59%","3.05%","-1.96%","-6.94%","6.48%","-6.25%","-",""
"Horiz. %","158.57%","157.44%","166.15%","161.41%","137.33%","113.17%","93.85%","91.07%","92.89%","99.82%","93.75%","100.00%",""
"PBT","15,588","13,113","15,862","30,223","21,362","12,554","7,472","3,629","-1,944","914","5,769","-1,209","-"
"YoY %","18.87%","-17.33%","-47.52%","41.48%","70.16%","68.01%","105.90%","286.68%","-312.69%","-84.16%","577.17%","-",""
"Horiz. %","-1,289.33%","-1,084.62%","-1,311.99%","-2,499.83%","-1,766.91%","-1,038.38%","-618.03%","-300.17%","160.79%","-75.60%","-477.17%","100.00%",""
"Tax","-4,092","-3,109","-3,596","-6,508","-4,702","-3,173","-1,621","372","-117","-249","-1,174","-195","38.22%"
"YoY %","-31.62%","13.54%","44.74%","-38.41%","-48.19%","-95.74%","-535.75%","417.95%","53.01%","78.79%","-502.05%","-",""
"Horiz. %","2,098.46%","1,594.36%","1,844.10%","3,337.44%","2,411.28%","1,627.18%","831.28%","-190.77%","60.00%","127.69%","602.05%","100.00%",""
"NP","11,496","10,004","12,266","23,715","16,660","9,381","5,851","4,001","-2,061","665","4,595","-1,404","-"
"YoY %","14.91%","-18.44%","-48.28%","42.35%","77.59%","60.33%","46.24%","294.13%","-409.92%","-85.53%","427.28%","-",""
"Horiz. %","-818.80%","-712.54%","-873.65%","-1,689.10%","-1,186.61%","-668.16%","-416.74%","-284.97%","146.79%","-47.36%","-327.28%","100.00%",""
"NP to SH","11,496","10,004","12,266","23,715","16,660","9,381","5,851","4,098","-561","1,329","5,250","-1,092","-"
"YoY %","14.91%","-18.44%","-48.28%","42.35%","77.59%","60.33%","42.78%","830.48%","-142.21%","-74.69%","580.77%","-",""
"Horiz. %","-1,052.75%","-916.12%","-1,123.26%","-2,171.70%","-1,525.64%","-859.07%","-535.81%","-375.27%","51.37%","-121.70%","-480.77%","100.00%",""
"Tax Rate","26.25    %","23.71    %","22.67    %","21.53    %","22.01    %","25.27    %","21.69    %","-10.25    %","-     %","27.24    %","20.35    %","-     %","-"
"YoY %","10.71%","4.59%","5.29%","-2.18%","-12.90%","16.51%","311.61%","0.00%","0.00%","33.86%","0.00%","-",""
"Horiz. %","128.99%","116.51%","111.40%","105.80%","108.16%","124.18%","106.58%","-50.37%","0.00%","133.86%","100.00%","-",""
"Total Cost","92,898","93,650","97,119","82,554","73,751","65,128","55,936","55,958","63,218","65,052","57,125","67,240","4.17%"
"YoY %","-0.80%","-3.57%","17.64%","11.94%","13.24%","16.43%","-0.04%","-11.48%","-2.82%","13.88%","-15.04%","-",""
"Horiz. %","138.16%","139.28%","144.44%","122.78%","109.68%","96.86%","83.19%","83.22%","94.02%","96.75%","84.96%","100.00%",""
"Net Worth","123,984","123,984","11,800,427","107,991","89,454","79,964","59,211","55,184","53,136","54,628","54,761","51,003","83.04%"
"YoY %","0.00%","-98.95%","10,827.14%","20.72%","11.87%","35.05%","7.30%","3.85%","-2.73%","-0.24%","7.37%","-",""
"Horiz. %","243.09%","243.09%","23,136.28%","211.73%","175.39%","156.78%","116.09%","108.20%","104.18%","107.11%","107.37%","100.00%",""
"Div","6,456","4,842","5,558","8,734","7,146","6,354","996","-","-","2,345","1,394","-","-"
"YoY %","33.33%","-12.87%","-36.36%","22.21%","12.47%","537.74%","0.00%","0.00%","0.00%","68.19%","0.00%","-",""
"Horiz. %","462.93%","347.21%","398.50%","626.21%","512.41%","455.61%","71.44%","0.00%","0.00%","168.19%","100.00%","-",""
"Div Payout %","56.16    %","48.41    %","45.31    %","36.83    %","42.90    %","67.74    %","17.03    %","-     %","-     %","176.51    %","26.57    %","-     %","-"
"YoY %","16.01%","6.84%","23.02%","-14.15%","-36.67%","297.77%","0.00%","0.00%","0.00%","564.32%","0.00%","-",""
"Horiz. %","211.37%","182.20%","170.53%","138.61%","161.46%","254.95%","64.09%","0.00%","0.00%","664.32%","100.00%","-",""
"Net Worth","123,984","123,984","11,800,427","107,991","89,454","79,964","59,211","55,184","53,136","54,628","54,761","51,003","83.04%"
"YoY %","0.00%","-98.95%","10,827.14%","20.72%","11.87%","35.05%","7.30%","3.85%","-2.73%","-0.24%","7.37%","-",""
"Horiz. %","243.09%","243.09%","23,136.28%","211.73%","175.39%","156.78%","116.09%","108.20%","104.18%","107.11%","107.37%","100.00%",""
"NOSH","158,771","158,771","158,800","79,400","79,408","79,432","79,713","78,959","79,014","79,518","79,699","79,931","7.92%"
"YoY %","0.00%","-0.02%","100.00%","-0.01%","-0.03%","-0.35%","0.96%","-0.07%","-0.63%","-0.23%","-0.29%","-",""
"Horiz. %","198.63%","198.63%","198.67%","99.34%","99.35%","99.38%","99.73%","98.78%","98.85%","99.48%","99.71%","100.00%",""
"NP Margin","11.01    %","9.65    %","11.21    %","22.32    %","18.43    %","12.59    %","9.47    %","6.67    %","-3.37    %","1.01    %","7.44    %","-2.13    %","-"
"YoY %","14.09%","-13.92%","-49.78%","21.11%","46.39%","32.95%","41.98%","297.92%","-433.66%","-86.42%","449.30%","-",""
"Horiz. %","-516.90%","-453.05%","-526.29%","-1,047.89%","-865.26%","-591.08%","-444.60%","-313.15%","158.22%","-47.42%","-349.30%","100.00%",""
"ROE","9.27    %","8.07    %","0.10    %","21.96    %","18.62    %","11.73    %","9.88    %","7.43    %","-1.06    %","2.43    %","9.59    %","-2.14    %","-"
"YoY %","14.87%","7,970.00%","-99.54%","17.94%","58.74%","18.72%","32.97%","800.94%","-143.62%","-74.66%","548.13%","-",""
"Horiz. %","-433.18%","-377.10%","-4.67%","-1,026.17%","-870.09%","-548.13%","-461.68%","-347.20%","49.53%","-113.55%","-448.13%","100.00%",""
"RPS","65.75","65.29","68.88","133.84","113.85","93.80","77.51","75.94","77.40","82.64","77.44","82.37","-1.97%"
"YoY %","0.70%","-5.21%","-48.54%","17.56%","21.38%","21.02%","2.07%","-1.89%","-6.34%","6.71%","-5.99%","-",""
"Horiz. %","79.82%","79.26%","83.62%","162.49%","138.22%","113.88%","94.10%","92.19%","93.97%","100.33%","94.01%","100.00%",""
"EPS","7.24","6.30","7.72","29.87","20.98","11.81","7.34","5.19","-0.71","1.67","6.59","-1.37","-"
"YoY %","14.92%","-18.39%","-74.15%","42.37%","77.65%","60.90%","41.43%","830.99%","-142.51%","-74.66%","581.02%","-",""
"Horiz. %","-528.47%","-459.85%","-563.50%","-2,180.29%","-1,531.39%","-862.04%","-535.77%","-378.83%","51.82%","-121.90%","-481.02%","100.00%",""
"DPS","4.07","3.05","3.50","11.00","9.00","8.00","1.25","0.00","0.00","2.95","1.75","0.00","-"
"YoY %","33.44%","-12.86%","-68.18%","22.22%","12.50%","540.00%","0.00%","0.00%","0.00%","68.57%","0.00%","-",""
"Horiz. %","232.57%","174.29%","200.00%","628.57%","514.29%","457.14%","71.43%","0.00%","0.00%","168.57%","100.00%","-",""
"NAPS","0.7809","0.7809","74.3100","1.3601","1.1265","1.0067","0.7428","0.6989","0.6725","0.6870","0.6871","0.6381","69.60%"
"YoY %","0.00%","-98.95%","5,363.57%","20.74%","11.90%","35.53%","6.28%","3.93%","-2.11%","-0.01%","7.68%","-",""
"Horiz. %","122.38%","122.38%","11,645.51%","213.15%","176.54%","157.77%","116.41%","109.53%","105.39%","107.66%","107.68%","100.00%",""
"RPS","65.25","64.78","68.37","66.42","56.51","46.57","38.62","37.47","38.22","41.07","38.58","41.15","5.80%"
"YoY %","0.73%","-5.25%","2.94%","17.54%","21.34%","20.59%","3.07%","-1.96%","-6.94%","6.45%","-6.25%","-",""
"Horiz. %","158.57%","157.42%","166.15%","161.41%","137.33%","113.17%","93.85%","91.06%","92.88%","99.81%","93.75%","100.00%",""
"EPS","7.19","6.25","7.67","14.82","10.41","5.86","3.66","2.56","-0.35","0.83","3.28","-0.68","-"
"YoY %","15.04%","-18.51%","-48.25%","42.36%","77.65%","60.11%","42.97%","831.43%","-142.17%","-74.70%","582.35%","-",""
"Horiz. %","-1,057.35%","-919.12%","-1,127.94%","-2,179.41%","-1,530.88%","-861.76%","-538.24%","-376.47%","51.47%","-122.06%","-482.35%","100.00%",""
"DPS","4.04","3.03","3.47","5.46","4.47","3.97","0.62","0.00","0.00","1.47","0.87","0.00","-"
"YoY %","33.33%","-12.68%","-36.45%","22.15%","12.59%","540.32%","0.00%","0.00%","0.00%","68.97%","0.00%","-",""
"Horiz. %","464.37%","348.28%","398.85%","627.59%","513.79%","456.32%","71.26%","0.00%","0.00%","168.97%","100.00%","-",""
"NAPS","0.7749","0.7749","73.7527","0.6749","0.5591","0.4998","0.3701","0.3449","0.3321","0.3414","0.3423","0.3188","83.04%"
"YoY %","0.00%","-98.95%","10,827.95%","20.71%","11.86%","35.04%","7.31%","3.85%","-2.72%","-0.26%","7.37%","-",""
"Horiz. %","243.07%","243.07%","23,134.47%","211.70%","175.38%","156.78%","116.09%","108.19%","104.17%","107.09%","107.37%","100.00%",""
"Date","AQR","T4Q","30/04/18","28/04/17","29/04/16","30/04/15","30/04/14","30/04/13","30/04/12","29/04/11","30/04/10","30/04/09","-"
"Price","1.2700","1.2700","1.2000","3.4000","1.9700","1.2200","0.6400","0.3500","0.4200","0.4200","0.4300","0.3900","-"
"P/RPS","1.93","1.95","1.74","2.54","1.73","1.30","0.83","0.46","0.54","0.51","0.56","0.47","15.64%"
"YoY %","-1.03%","12.07%","-31.50%","46.82%","33.08%","56.63%","80.43%","-14.81%","5.88%","-8.93%","19.15%","-",""
"Horiz. %","410.64%","414.89%","370.21%","540.43%","368.09%","276.60%","176.60%","97.87%","114.89%","108.51%","119.15%","100.00%",""
"P/EPS","17.54","20.16","15.54","11.38","9.39","10.33","8.72","6.74","-59.15","25.13","6.53","-28.55","-"
"YoY %","-13.00%","29.73%","36.56%","21.19%","-9.10%","18.46%","29.38%","111.39%","-335.38%","284.84%","122.87%","-",""
"Horiz. %","-61.44%","-70.61%","-54.43%","-39.86%","-32.89%","-36.18%","-30.54%","-23.61%","207.18%","-88.02%","-22.87%","100.00%",""
"EY","5.70","4.96","6.44","8.78","10.65","9.68","11.47","14.83","-1.69","3.98","15.32","-3.50","-"
"YoY %","14.92%","-22.98%","-26.65%","-17.56%","10.02%","-15.61%","-22.66%","977.51%","-142.46%","-74.02%","537.71%","-",""
"Horiz. %","-162.86%","-141.71%","-184.00%","-250.86%","-304.29%","-276.57%","-327.71%","-423.71%","48.29%","-113.71%","-437.71%","100.00%",""
"DY","3.20","2.40","2.92","3.24","4.57","6.56","1.95","0.00","0.00","7.02","4.07","0.00","-"
"YoY %","33.33%","-17.81%","-9.88%","-29.10%","-30.34%","236.41%","0.00%","0.00%","0.00%","72.48%","0.00%","-",""
"Horiz. %","78.62%","58.97%","71.74%","79.61%","112.29%","161.18%","47.91%","0.00%","0.00%","172.48%","100.00%","-",""
"P/NAPS","1.63","1.63","0.02","2.50","1.75","1.21","0.86","0.50","0.62","0.61","0.63","0.61","-31.58%"
"YoY %","0.00%","8,050.00%","-99.20%","42.86%","44.63%","40.70%","72.00%","-19.35%","1.64%","-3.17%","3.28%","-",""
"Horiz. %","267.21%","267.21%","3.28%","409.84%","286.89%","198.36%","140.98%","81.97%","101.64%","100.00%","103.28%","100.00%",""
"Date","AQR","T4Q","22/06/18","20/06/17","24/06/16","25/06/15","26/06/14","28/06/13","29/06/12","27/06/11","30/06/10","29/06/09","-"
"Price","1.2900","1.2900","1.2400","1.9200","2.2500","1.4000","0.6800","0.3450","0.3900","0.4200","0.4200","0.4000","-"
"P/RPS","1.96","1.98","1.80","1.43","1.98","1.49","0.88","0.45","0.50","0.51","0.54","0.49","15.54%"
"YoY %","-1.01%","10.00%","25.87%","-27.78%","32.89%","69.32%","95.56%","-10.00%","-1.96%","-5.56%","10.20%","-",""
"Horiz. %","400.00%","404.08%","367.35%","291.84%","404.08%","304.08%","179.59%","91.84%","102.04%","104.08%","110.20%","100.00%",""
"P/EPS","17.82","20.47","16.05","6.43","10.72","11.85","9.26","6.65","-54.93","25.13","6.38","-29.28","-"
"YoY %","-12.95%","27.54%","149.61%","-40.02%","-9.54%","27.97%","39.25%","112.11%","-318.58%","293.89%","121.79%","-",""
"Horiz. %","-60.86%","-69.91%","-54.82%","-21.96%","-36.61%","-40.47%","-31.63%","-22.71%","187.60%","-85.83%","-21.79%","100.00%",""
"EY","5.61","4.88","6.23","15.56","9.32","8.44","10.79","15.04","-1.82","3.98","15.68","-3.42","-"
"YoY %","14.96%","-21.67%","-59.96%","66.95%","10.43%","-21.78%","-28.26%","926.37%","-145.73%","-74.62%","558.48%","-",""
"Horiz. %","-164.04%","-142.69%","-182.16%","-454.97%","-272.51%","-246.78%","-315.50%","-439.77%","53.22%","-116.37%","-458.48%","100.00%",""
"DY","3.15","2.36","2.82","5.73","4.00","5.71","1.84","0.00","0.00","7.02","4.17","0.00","-"
"YoY %","33.47%","-16.31%","-50.79%","43.25%","-29.95%","210.33%","0.00%","0.00%","0.00%","68.35%","0.00%","-",""
"Horiz. %","75.54%","56.59%","67.63%","137.41%","95.92%","136.93%","44.12%","0.00%","0.00%","168.35%","100.00%","-",""
"P/NAPS","1.65","1.65","0.02","1.41","2.00","1.39","0.92","0.49","0.58","0.61","0.61","0.63","-31.83%"
"YoY %","0.00%","8,150.00%","-98.58%","-29.50%","43.88%","51.09%","87.76%","-15.52%","-4.92%","0.00%","-3.17%","-",""
"Horiz. %","261.90%","261.90%","3.17%","223.81%","317.46%","220.63%","146.03%","77.78%","92.06%","96.83%","96.83%","100.00%",""

