Column1,AQR,T4Q,31/12/18,31/12/17,31/12/16,31/12/15,31/12/14,31/12/13,31/12/12,31/12/11,31/12/10,31/12/09,CAGR
"Revenue","87,230","147,455","185,732","326,020","270,212","243,210","271,582","256,803","217,325","166,767","131,487","103,078","6.76%"
"YoY %","-40.84%","-20.61%","-43.03%","20.65%","11.10%","-10.45%","5.75%","18.17%","30.32%","26.83%","27.56%","-",""
"Horiz. %","84.63%","143.05%","180.19%","316.28%","262.14%","235.95%","263.47%","249.13%","210.84%","161.79%","127.56%","100.00%",""
"PBT","-42,674","-20,631","-19,732","15,829","1,969","-20,179","7,465","133,979","2,662","19,996","17,051","10,958","-"
"YoY %","-106.84%","-4.56%","-224.66%","703.91%","109.76%","-370.31%","-94.43%","4,933.02%","-86.69%","17.27%","55.60%","-",""
"Horiz. %","-389.43%","-188.27%","-180.07%","144.45%","17.97%","-184.15%","68.12%","1,222.66%","24.29%","182.48%","155.60%","100.00%",""
"Tax","470","-4,421","-2,755","-8,054","-6,851","-983","-5,627","2,077","-6,570","-8,164","-6,253","-5,974","-8.24%"
"YoY %","110.63%","-60.47%","65.79%","-17.56%","-596.95%","82.53%","-370.92%","131.61%","19.52%","-30.56%","-4.67%","-",""
"Horiz. %","-7.87%","74.00%","46.12%","134.82%","114.68%","16.45%","94.19%","-34.77%","109.98%","136.66%","104.67%","100.00%",""
"NP","-42,204","-25,052","-22,487","7,775","-4,882","-21,162","1,838","136,056","-3,908","11,832","10,798","4,984","-"
"YoY %","-68.47%","-11.41%","-389.22%","259.26%","76.93%","-1,251.36%","-98.65%","3,581.47%","-133.03%","9.58%","116.65%","-",""
"Horiz. %","-846.79%","-502.65%","-451.18%","156.00%","-97.95%","-424.60%","36.88%","2,729.86%","-78.41%","237.40%","216.65%","100.00%",""
"NP to SH","-39,858","-23,457","-21,172","7,171","-8,340","-15,562","2,435","136,075","-509","13,298","12,832","6,905","-"
"YoY %","-69.92%","-10.79%","-395.24%","185.98%","46.41%","-739.10%","-98.21%","26,833.79%","-103.83%","3.63%","85.84%","-",""
"Horiz. %","-577.23%","-339.71%","-306.62%","103.85%","-120.78%","-225.37%","35.26%","1,970.67%","-7.37%","192.59%","185.84%","100.00%",""
"Tax Rate","-     %","-     %","-     %","50.88    %","347.94    %","-     %","75.38    %","-1.55    %","246.81    %","40.83    %","36.67    %","54.52    %","-"
"YoY %","0.00%","0.00%","0.00%","-85.38%","0.00%","0.00%","4,963.23%","-100.63%","504.48%","11.34%","-32.74%","-",""
"Horiz. %","0.00%","0.00%","0.00%","93.32%","638.19%","0.00%","138.26%","-2.84%","452.70%","74.89%","67.26%","100.00%",""
"Total Cost","129,434","172,507","208,219","318,245","275,094","264,372","269,744","120,747","221,233","154,935","120,689","98,094","8.72%"
"YoY %","-24.97%","-17.15%","-34.57%","15.69%","4.06%","-1.99%","123.40%","-45.42%","42.79%","28.38%","23.03%","-",""
"Horiz. %","131.95%","175.86%","212.26%","324.43%","280.44%","269.51%","274.99%","123.09%","225.53%","157.95%","123.03%","100.00%",""
"Net Worth","263,294","263,294","284,080","295,415","304,093","324,594","342,015","352,429","258,270","254,000","244,844","232,022","2.27%"
"YoY %","0.00%","-7.32%","-3.84%","-2.85%","-6.32%","-5.09%","-2.95%","36.46%","1.68%","3.74%","5.53%","-",""
"Horiz. %","113.48%","113.48%","122.44%","127.32%","131.06%","139.90%","147.41%","151.89%","111.31%","109.47%","105.53%","100.00%",""
"Div","-","0","-","-","-","-","14,870","37,097","-","1,854","-","-","-"
"YoY %","0.00%","0.00%","0.00%","0.00%","0.00%","0.00%","-59.92%","0.00%","0.00%","0.00%","0.00%","-",""
"Horiz. %","0.00%","0.00%","0.00%","0.00%","0.00%","0.00%","802.06%","2,000.94%","0.00%","100.00%","-","-",""
"Div Payout %","-     %","-     %","-     %","-     %","-     %","-     %","610.69    %","27.26    %","-     %","13.94    %","-     %","-     %","-"
"YoY %","0.00%","0.00%","0.00%","0.00%","0.00%","0.00%","2,140.24%","0.00%","0.00%","0.00%","0.00%","-",""
"Horiz. %","0.00%","0.00%","0.00%","0.00%","0.00%","0.00%","4,380.85%","195.55%","0.00%","100.00%","-","-",""
"Net Worth","263,294","263,294","284,080","295,415","304,093","324,594","342,015","352,429","258,270","254,000","244,844","232,022","2.27%"
"YoY %","0.00%","-7.32%","-3.84%","-2.85%","-6.32%","-5.09%","-2.95%","36.46%","1.68%","3.74%","5.53%","-",""
"Horiz. %","113.48%","113.48%","122.44%","127.32%","131.06%","139.90%","147.41%","151.89%","111.31%","109.47%","105.53%","100.00%",""
"NOSH","173,219","173,219","173,219","173,774","179,937","185,482","185,877","185,489","188,518","185,401","185,488","185,618","-0.76%"
"YoY %","0.00%","0.00%","-0.32%","-3.43%","-2.99%","-0.21%","0.21%","-1.61%","1.68%","-0.05%","-0.07%","-",""
"Horiz. %","93.32%","93.32%","93.32%","93.62%","96.94%","99.93%","100.14%","99.93%","101.56%","99.88%","99.93%","100.00%",""
"NP Margin","-48.38    %","-16.99    %","-12.11    %","2.38    %","-1.81    %","-8.70    %","0.68    %","52.98    %","-1.80    %","7.09    %","8.21    %","4.84    %","-"
"YoY %","-184.76%","-40.30%","-608.82%","231.49%","79.20%","-1,379.41%","-98.72%","3,043.33%","-125.39%","-13.64%","69.63%","-",""
"Horiz. %","-999.59%","-351.03%","-250.21%","49.17%","-37.40%","-179.75%","14.05%","1,094.63%","-37.19%","146.49%","169.63%","100.00%",""
"ROE","-15.14    %","-8.91    %","-7.45    %","2.43    %","-2.74    %","-4.79    %","0.71    %","38.61    %","-0.20    %","5.24    %","5.24    %","2.98    %","-"
"YoY %","-69.92%","-19.60%","-406.58%","188.69%","42.80%","-774.65%","-98.16%","19,405.00%","-103.82%","0.00%","75.84%","-",""
"Horiz. %","-508.05%","-298.99%","-250.00%","81.54%","-91.95%","-160.74%","23.83%","1,295.64%","-6.71%","175.84%","175.84%","100.00%",""
"RPS","50.36","85.13","107.22","187.61","150.17","131.12","146.11","138.45","115.28","89.95","70.89","55.53","7.58%"
"YoY %","-40.84%","-20.60%","-42.85%","24.93%","14.53%","-10.26%","5.53%","20.10%","28.16%","26.89%","27.66%","-",""
"Horiz. %","90.69%","153.30%","193.08%","337.85%","270.43%","236.12%","263.12%","249.32%","207.60%","161.98%","127.66%","100.00%",""
"EPS","-23.02","-13.54","-12.22","4.02","-4.59","-8.39","1.31","73.36","-0.27","7.17","6.92","3.72","-"
"YoY %","-70.01%","-10.80%","-403.98%","187.58%","45.29%","-740.46%","-98.21%","27,270.37%","-103.77%","3.61%","86.02%","-",""
"Horiz. %","-618.82%","-363.98%","-328.49%","108.06%","-123.39%","-225.54%","35.22%","1,972.04%","-7.26%","192.74%","186.02%","100.00%",""
"DPS","0.00","0.00","0.00","0.00","0.00","0.00","8.00","20.00","0.00","1.00","0.00","0.00","-"
"YoY %","0.00%","0.00%","0.00%","0.00%","0.00%","0.00%","-60.00%","0.00%","0.00%","0.00%","0.00%","-",""
"Horiz. %","0.00%","0.00%","0.00%","0.00%","0.00%","0.00%","800.00%","2,000.00%","0.00%","100.00%","-","-",""
"NAPS","1.5200","1.5200","1.6400","1.7000","1.6900","1.7500","1.8400","1.9000","1.3700","1.3700","1.3200","1.2500","3.06%"
"YoY %","0.00%","-7.32%","-3.53%","0.59%","-3.43%","-4.89%","-3.16%","38.69%","0.00%","3.79%","5.60%","-",""
"Horiz. %","121.60%","121.60%","131.20%","136.00%","135.20%","140.00%","147.20%","152.00%","109.60%","109.60%","105.60%","100.00%",""
"RPS","36.18","61.15","77.03","135.21","112.07","100.87","112.63","106.50","90.13","69.16","54.53","42.75","6.76%"
"YoY %","-40.83%","-20.62%","-43.03%","20.65%","11.10%","-10.44%","5.76%","18.16%","30.32%","26.83%","27.56%","-",""
"Horiz. %","84.63%","143.04%","180.19%","316.28%","262.15%","235.95%","263.46%","249.12%","210.83%","161.78%","127.56%","100.00%",""
"EPS","-16.53","-9.73","-8.78","2.97","-3.46","-6.45","1.01","56.43","-0.21","5.52","5.32","2.86","-"
"YoY %","-69.89%","-10.82%","-395.62%","185.84%","46.36%","-738.61%","-98.21%","26,971.43%","-103.80%","3.76%","86.01%","-",""
"Horiz. %","-577.97%","-340.21%","-306.99%","103.85%","-120.98%","-225.52%","35.31%","1,973.08%","-7.34%","193.01%","186.01%","100.00%",""
"DPS","0.00","0.00","0.00","0.00","0.00","0.00","6.17","15.39","0.00","0.77","0.00","0.00","-"
"YoY %","0.00%","0.00%","0.00%","0.00%","0.00%","0.00%","-59.91%","0.00%","0.00%","0.00%","0.00%","-",""
"Horiz. %","0.00%","0.00%","0.00%","0.00%","0.00%","0.00%","801.30%","1,998.70%","0.00%","100.00%","-","-",""
"NAPS","1.0920","1.0920","1.1782","1.2252","1.2612","1.3462","1.4184","1.4616","1.0711","1.0534","1.0154","0.9623","2.27%"
"YoY %","0.00%","-7.32%","-3.84%","-2.85%","-6.31%","-5.09%","-2.96%","36.46%","1.68%","3.74%","5.52%","-",""
"Horiz. %","113.48%","113.48%","122.44%","127.32%","131.06%","139.89%","147.40%","151.89%","111.31%","109.47%","105.52%","100.00%",""
"Date","AQR","T4Q","31/12/18","29/12/17","30/12/16","31/12/15","31/12/14","31/12/13","31/12/12","30/12/11","30/12/10","31/12/09","-"
"Price","0.6500","0.6500","0.3400","0.6200","0.8000","1.0000","1.0700","1.5000","0.8900","0.8000","0.8200","0.7000","-"
"P/RPS","1.29","0.76","0.32","0.33","0.53","0.76","0.73","1.08","0.77","0.89","1.16","1.26","-14.12%"
"YoY %","69.74%","137.50%","-3.03%","-37.74%","-30.26%","4.11%","-32.41%","40.26%","-13.48%","-23.28%","-7.94%","-",""
"Horiz. %","102.38%","60.32%","25.40%","26.19%","42.06%","60.32%","57.94%","85.71%","61.11%","70.63%","92.06%","100.00%",""
"P/EPS","-2.82","-4.80","-2.78","15.02","-17.26","-11.92","81.68","2.04","-329.63","11.15","11.85","18.82","-"
"YoY %","41.25%","-72.66%","-118.51%","187.02%","-44.80%","-114.59%","3,903.92%","100.62%","-3,056.32%","-5.91%","-37.04%","-",""
"Horiz. %","-14.98%","-25.50%","-14.77%","79.81%","-91.71%","-63.34%","434.01%","10.84%","-1,751.49%","59.25%","62.96%","100.00%",""
"EY","-35.40","-20.83","-35.95","6.66","-5.79","-8.39","1.22","48.91","-0.30","8.97","8.44","5.31","-"
"YoY %","-69.95%","42.06%","-639.79%","215.03%","30.99%","-787.70%","-97.51%","16,403.33%","-103.34%","6.28%","58.95%","-",""
"Horiz. %","-666.67%","-392.28%","-677.02%","125.42%","-109.04%","-158.00%","22.98%","921.09%","-5.65%","168.93%","158.95%","100.00%",""
"DY","0.00","0.00","0.00","0.00","0.00","0.00","7.48","13.33","0.00","1.25","0.00","0.00","-"
"YoY %","0.00%","0.00%","0.00%","0.00%","0.00%","0.00%","-43.89%","0.00%","0.00%","0.00%","0.00%","-",""
"Horiz. %","0.00%","0.00%","0.00%","0.00%","0.00%","0.00%","598.40%","1,066.40%","0.00%","100.00%","-","-",""
"P/NAPS","0.43","0.43","0.21","0.36","0.47","0.57","0.58","0.79","0.65","0.58","0.62","0.56","-10.32%"
"YoY %","0.00%","104.76%","-41.67%","-23.40%","-17.54%","-1.72%","-26.58%","21.54%","12.07%","-6.45%","10.71%","-",""
"Horiz. %","76.79%","76.79%","37.50%","64.29%","83.93%","101.79%","103.57%","141.07%","116.07%","103.57%","110.71%","100.00%",""
"Date","AQR","T4Q","28/02/19","28/02/18","24/02/17","26/02/16","27/02/15","27/02/14","28/02/13","29/02/12","28/02/11","25/02/10","-"
"Price","0.5850","0.5850","0.4700","0.6000","0.8700","0.9000","1.2000","1.1800","0.8550","0.8900","0.7600","0.7400","-"
"P/RPS","1.16","0.69","0.44","0.32","0.58","0.69","0.82","0.85","0.74","0.99","1.07","1.33","-11.56%"
"YoY %","68.12%","56.82%","37.50%","-44.83%","-15.94%","-15.85%","-3.53%","14.86%","-25.25%","-7.48%","-19.55%","-",""
"Horiz. %","87.22%","51.88%","33.08%","24.06%","43.61%","51.88%","61.65%","63.91%","55.64%","74.44%","80.45%","100.00%",""
"P/EPS","-2.54","-4.32","-3.85","14.54","-18.77","-10.73","91.60","1.61","-316.67","12.41","10.99","19.89","-"
"YoY %","41.20%","-12.21%","-126.48%","177.46%","-74.93%","-111.71%","5,589.44%","100.51%","-2,651.73%","12.92%","-44.75%","-",""
"Horiz. %","-12.77%","-21.72%","-19.36%","73.10%","-94.37%","-53.95%","460.53%","8.09%","-1,592.11%","62.39%","55.25%","100.00%",""
"EY","-39.33","-23.15","-26.01","6.88","-5.33","-9.32","1.09","62.17","-0.32","8.06","9.10","5.03","-"
"YoY %","-69.89%","11.00%","-478.05%","229.08%","42.81%","-955.05%","-98.25%","19,528.12%","-103.97%","-11.43%","80.91%","-",""
"Horiz. %","-781.91%","-460.24%","-517.10%","136.78%","-105.96%","-185.29%","21.67%","1,235.98%","-6.36%","160.24%","180.91%","100.00%",""
"DY","0.00","0.00","0.00","0.00","0.00","0.00","6.67","16.95","0.00","1.12","0.00","0.00","-"
"YoY %","0.00%","0.00%","0.00%","0.00%","0.00%","0.00%","-60.65%","0.00%","0.00%","0.00%","0.00%","-",""
"Horiz. %","0.00%","0.00%","0.00%","0.00%","0.00%","0.00%","595.54%","1,513.39%","0.00%","100.00%","-","-",""
"P/NAPS","0.38","0.38","0.29","0.35","0.51","0.51","0.65","0.62","0.62","0.65","0.58","0.59","-7.58%"
"YoY %","0.00%","31.03%","-17.14%","-31.37%","0.00%","-21.54%","4.84%","0.00%","-4.62%","12.07%","-1.69%","-",""
"Horiz. %","64.41%","64.41%","49.15%","59.32%","86.44%","86.44%","110.17%","105.08%","105.08%","110.17%","98.31%","100.00%",""

