Column1,AQR,T4Q,30/06/18,30/06/17,30/06/16,30/06/15,30/06/14,30/06/13,30/06/12,30/06/11,30/06/10,30/06/09,CAGR
"Revenue","303,964","303,964","303,964","296,138","248,532","128,017","119,506","145,000","112,917","153,386","184,754","97,281","13.49%"
"YoY %","0.00%","0.00%","2.64%","19.15%","94.14%","7.12%","-17.58%","28.41%","-26.38%","-16.98%","89.92%","-",""
"Horiz. %","312.46%","312.46%","312.46%","304.42%","255.48%","131.60%","122.85%","149.05%","116.07%","157.67%","189.92%","100.00%",""
"PBT","33,444","33,445","33,444","39,101","30,045","12,824","13,753","9,715","5,232","16,390","27,082","6,843","19.27%"
"YoY %","-0.00%","0.00%","-14.47%","30.14%","134.29%","-6.75%","41.56%","85.68%","-68.08%","-39.48%","295.76%","-",""
"Horiz. %","488.73%","488.75%","488.73%","571.40%","439.06%","187.40%","200.98%","141.97%","76.46%","239.51%","395.76%","100.00%",""
"Tax","-6,961","-6,960","-6,961","-8,709","-6,450","-1,108","-3,793","-4,127","577","-2,679","-4,973","-1,652","17.32%"
"YoY %","-0.01%","0.01%","20.07%","-35.02%","-482.13%","70.79%","8.09%","-815.25%","121.54%","46.13%","-201.03%","-",""
"Horiz. %","421.37%","421.31%","421.37%","527.18%","390.44%","67.07%","229.60%","249.82%","-34.93%","162.17%","301.03%","100.00%",""
"NP","26,483","26,485","26,483","30,392","23,595","11,716","9,960","5,588","5,809","13,711","22,109","5,191","19.84%"
"YoY %","-0.01%","0.01%","-12.86%","28.81%","101.39%","17.63%","78.24%","-3.80%","-57.63%","-37.98%","325.91%","-",""
"Horiz. %","510.17%","510.21%","510.17%","585.47%","454.54%","225.70%","191.87%","107.65%","111.91%","264.13%","425.91%","100.00%",""
"NP to SH","21,376","21,377","21,376","21,590","17,127","8,082","6,952","4,555","3,800","8,249","11,819","3,191","23.52%"
"YoY %","-0.00%","0.00%","-0.99%","26.06%","111.92%","16.25%","52.62%","19.87%","-53.93%","-30.21%","270.39%","-",""
"Horiz. %","669.88%","669.92%","669.88%","676.59%","536.73%","253.27%","217.86%","142.75%","119.08%","258.51%","370.39%","100.00%",""
"Tax Rate","20.81    %","20.81    %","20.81    %","22.27    %","21.47    %","8.64    %","27.58    %","42.48    %","-11.03    %","16.35    %","18.36    %","24.14    %","-1.63%"
"YoY %","0.00%","0.00%","-6.56%","3.73%","148.50%","-68.67%","-35.08%","485.13%","-167.46%","-10.95%","-23.94%","-",""
"Horiz. %","86.21%","86.21%","86.21%","92.25%","88.94%","35.79%","114.25%","175.97%","-45.69%","67.73%","76.06%","100.00%",""
"Total Cost","277,481","277,479","277,481","265,746","224,937","116,301","109,546","139,412","107,108","139,675","162,645","92,090","13.03%"
"YoY %","0.00%","-0.00%","4.42%","18.14%","93.41%","6.17%","-21.42%","30.16%","-23.32%","-14.12%","76.62%","-",""
"Horiz. %","301.32%","301.31%","301.32%","288.57%","244.26%","126.29%","118.96%","151.39%","116.31%","151.67%","176.62%","100.00%",""
"Net Worth","162,306","162,306","162,306","139,500","114,545","91,532","79,195","72,115","71,952","67,614","70,130","59,002","11.89%"
"YoY %","0.00%","0.00%","16.35%","21.79%","25.14%","15.58%","9.82%","0.23%","6.42%","-3.59%","18.86%","-",""
"Horiz. %","275.08%","275.08%","275.08%","236.43%","194.14%","155.13%","134.22%","122.22%","121.95%","114.60%","118.86%","100.00%",""
"Div","1,350","1,350","1,350","5,214","6,211","-","-","-","3,372","4,507","-","-","-"
"YoY %","0.00%","0.00%","-74.11%","-16.05%","0.00%","0.00%","0.00%","0.00%","-25.18%","0.00%","0.00%","-",""
"Horiz. %","29.96%","29.96%","29.96%","115.69%","137.81%","0.00%","0.00%","0.00%","74.82%","100.00%","-","-",""
"Div Payout %","6.32    %","6.32    %","6.32    %","24.15    %","36.27    %","-     %","-     %","-     %","88.76    %","54.64    %","-     %","-     %","-"
"YoY %","0.00%","0.00%","-73.83%","-33.42%","0.00%","0.00%","0.00%","0.00%","62.45%","0.00%","0.00%","-",""
"Horiz. %","11.57%","11.57%","11.57%","44.20%","66.38%","0.00%","0.00%","0.00%","162.45%","100.00%","-","-",""
"Net Worth","162,306","162,306","162,306","139,500","114,545","91,532","79,195","72,115","71,952","67,614","70,130","59,002","11.89%"
"YoY %","0.00%","0.00%","16.35%","21.79%","25.14%","15.58%","9.82%","0.23%","6.42%","-3.59%","18.86%","-",""
"Horiz. %","275.08%","275.08%","275.08%","236.43%","194.14%","155.13%","134.22%","122.22%","121.95%","114.60%","118.86%","100.00%",""
"NOSH","270,060","270,060","270,060","260,748","248,472","225,449","225,628","225,360","224,852","225,442","226,228","226,934","1.95%"
"YoY %","0.00%","0.00%","3.57%","4.94%","10.21%","-0.08%","0.12%","0.23%","-0.26%","-0.35%","-0.31%","-",""
"Horiz. %","119.00%","119.00%","119.00%","114.90%","109.49%","99.35%","99.42%","99.31%","99.08%","99.34%","99.69%","100.00%",""
"NP Margin","8.71    %","8.71    %","8.71    %","10.26    %","9.49    %","9.15    %","8.33    %","3.85    %","5.14    %","8.94    %","11.97    %","5.34    %","5.58%"
"YoY %","0.00%","0.00%","-15.11%","8.11%","3.72%","9.84%","116.36%","-25.10%","-42.51%","-25.31%","124.16%","-",""
"Horiz. %","163.11%","163.11%","163.11%","192.13%","177.72%","171.35%","155.99%","72.10%","96.25%","167.42%","224.16%","100.00%",""
"ROE","13.17    %","13.17    %","13.17    %","15.48    %","14.95    %","8.83    %","8.78    %","6.32    %","5.28    %","12.20    %","16.85    %","5.41    %","10.38%"
"YoY %","0.00%","0.00%","-14.92%","3.55%","69.31%","0.57%","38.92%","19.70%","-56.72%","-27.60%","211.46%","-",""
"Horiz. %","243.44%","243.44%","243.44%","286.14%","276.34%","163.22%","162.29%","116.82%","97.60%","225.51%","311.46%","100.00%",""
"RPS","112.55","112.55","112.55","113.57","100.02","56.78","52.97","64.34","50.22","68.06","81.67","42.87","11.31%"
"YoY %","0.00%","0.00%","-0.90%","13.55%","76.15%","7.19%","-17.67%","28.12%","-26.21%","-16.66%","90.51%","-",""
"Horiz. %","262.54%","262.54%","262.54%","264.92%","233.31%","132.45%","123.56%","150.08%","117.14%","158.76%","190.51%","100.00%",""
"EPS","7.99","7.92","7.99","8.28","6.89","3.59","3.09","2.00","1.69","3.66","5.22","1.40","21.34%"
"YoY %","0.88%","-0.88%","-3.50%","20.17%","91.92%","16.18%","54.50%","18.34%","-53.83%","-29.89%","272.86%","-",""
"Horiz. %","570.71%","565.71%","570.71%","591.43%","492.14%","256.43%","220.71%","142.86%","120.71%","261.43%","372.86%","100.00%",""
"DPS","0.50","0.50","0.50","2.00","2.50","0.00","0.00","0.00","1.50","2.00","0.00","0.00","-"
"YoY %","0.00%","0.00%","-75.00%","-20.00%","0.00%","0.00%","0.00%","0.00%","-25.00%","0.00%","0.00%","-",""
"Horiz. %","25.00%","25.00%","25.00%","100.00%","125.00%","0.00%","0.00%","0.00%","75.00%","100.00%","-","-",""
"NAPS","0.6010","0.6010","0.6010","0.5350","0.4610","0.4060","0.3510","0.3200","0.3200","0.3000","0.3100","0.2600","9.75%"
"YoY %","0.00%","0.00%","12.34%","16.05%","13.55%","15.67%","9.69%","0.00%","6.67%","-3.23%","19.23%","-",""
"Horiz. %","231.15%","231.15%","231.15%","205.77%","177.31%","156.15%","135.00%","123.08%","123.08%","115.38%","119.23%","100.00%",""
"RPS","106.76","106.76","106.76","104.01","87.29","44.96","41.97","50.93","39.66","53.87","64.89","34.17","13.49%"
"YoY %","0.00%","0.00%","2.64%","19.15%","94.15%","7.12%","-17.59%","28.42%","-26.38%","-16.98%","89.90%","-",""
"Horiz. %","312.44%","312.44%","312.44%","304.39%","255.46%","131.58%","122.83%","149.05%","116.07%","157.65%","189.90%","100.00%",""
"EPS","7.51","7.51","7.51","7.58","6.02","2.84","2.44","1.60","1.33","2.90","4.15","1.12","23.53%"
"YoY %","0.00%","0.00%","-0.92%","25.91%","111.97%","16.39%","52.50%","20.30%","-54.14%","-30.12%","270.54%","-",""
"Horiz. %","670.54%","670.54%","670.54%","676.79%","537.50%","253.57%","217.86%","142.86%","118.75%","258.93%","370.54%","100.00%",""
"DPS","0.47","0.47","0.47","1.83","2.18","0.00","0.00","0.00","1.18","1.58","0.00","0.00","-"
"YoY %","0.00%","0.00%","-74.32%","-16.06%","0.00%","0.00%","0.00%","0.00%","-25.32%","0.00%","0.00%","-",""
"Horiz. %","29.75%","29.75%","29.75%","115.82%","137.97%","0.00%","0.00%","0.00%","74.68%","100.00%","-","-",""
"NAPS","0.5700","0.5700","0.5700","0.4900","0.4023","0.3215","0.2781","0.2533","0.2527","0.2375","0.2463","0.2072","11.89%"
"YoY %","0.00%","0.00%","16.33%","21.80%","25.13%","15.61%","9.79%","0.24%","6.40%","-3.57%","18.87%","-",""
"Horiz. %","275.10%","275.10%","275.10%","236.49%","194.16%","155.16%","134.22%","122.25%","121.96%","114.62%","118.87%","100.00%",""
"Date","AQR","T4Q","29/06/18","30/06/17","30/06/16","30/06/15","30/06/14","28/06/13","29/06/12","30/06/11","30/06/10","30/06/09","-"
"Price","0.6650","0.6650","0.6650","1.1000","0.8050","0.3600","0.2650","0.2400","0.2500","0.2600","0.2500","0.1600","-"
"P/RPS","0.59","0.59","0.59","0.97","0.80","0.63","0.50","0.37","0.50","0.38","0.31","0.37","5.32%"
"YoY %","0.00%","0.00%","-39.18%","21.25%","26.98%","26.00%","35.14%","-26.00%","31.58%","22.58%","-16.22%","-",""
"Horiz. %","159.46%","159.46%","159.46%","262.16%","216.22%","170.27%","135.14%","100.00%","135.14%","102.70%","83.78%","100.00%",""
"P/EPS","8.40","8.40","8.40","13.29","11.68","10.04","8.60","11.87","14.79","7.09","4.79","11.38","-3.32%"
"YoY %","0.00%","0.00%","-36.79%","13.78%","16.33%","16.74%","-27.55%","-19.74%","108.60%","48.02%","-57.91%","-",""
"Horiz. %","73.81%","73.81%","73.81%","116.78%","102.64%","88.22%","75.57%","104.31%","129.96%","62.30%","42.09%","100.00%",""
"EY","11.90","11.90","11.90","7.53","8.56","9.96","11.63","8.42","6.76","14.10","20.90","8.79","3.42%"
"YoY %","0.00%","0.00%","58.03%","-12.03%","-14.06%","-14.36%","38.12%","24.56%","-52.06%","-32.54%","137.77%","-",""
"Horiz. %","135.38%","135.38%","135.38%","85.67%","97.38%","113.31%","132.31%","95.79%","76.91%","160.41%","237.77%","100.00%",""
"DY","0.75","0.75","0.75","1.82","3.11","0.00","0.00","0.00","6.00","7.69","0.00","0.00","-"
"YoY %","0.00%","0.00%","-58.79%","-41.48%","0.00%","0.00%","0.00%","0.00%","-21.98%","0.00%","0.00%","-",""
"Horiz. %","9.75%","9.75%","9.75%","23.67%","40.44%","0.00%","0.00%","0.00%","78.02%","100.00%","-","-",""
"P/NAPS","1.11","1.11","1.11","2.06","1.75","0.89","0.75","0.75","0.78","0.81","0.81","0.62","6.68%"
"YoY %","0.00%","0.00%","-46.12%","17.71%","96.63%","18.67%","0.00%","-3.85%","-3.70%","0.00%","30.65%","-",""
"Horiz. %","179.03%","179.03%","179.03%","332.26%","282.26%","143.55%","120.97%","120.97%","125.81%","130.65%","130.65%","100.00%",""
"Date","AQR","T4Q","28/08/18","29/08/17","23/08/16","28/08/15","27/08/14","30/08/13","29/08/12","25/08/11","26/08/10","27/08/09","-"
"Price","0.7600","0.7600","0.7600","1.0800","0.8550","0.2950","0.2950","0.2450","0.2500","0.2200","0.2600","0.2100","-"
"P/RPS","0.68","0.68","0.68","0.95","0.85","0.52","0.56","0.38","0.50","0.32","0.32","0.49","3.71%"
"YoY %","0.00%","0.00%","-28.42%","11.76%","63.46%","-7.14%","47.37%","-24.00%","56.25%","0.00%","-34.69%","-",""
"Horiz. %","138.78%","138.78%","138.78%","193.88%","173.47%","106.12%","114.29%","77.55%","102.04%","65.31%","65.31%","100.00%",""
"P/EPS","9.60","9.60","9.60","13.04","12.40","8.23","9.57","12.12","14.79","6.00","4.98","14.93","-4.79%"
"YoY %","0.00%","0.00%","-26.38%","5.16%","50.67%","-14.00%","-21.04%","-18.05%","146.50%","20.48%","-66.64%","-",""
"Horiz. %","64.30%","64.30%","64.30%","87.34%","83.05%","55.12%","64.10%","81.18%","99.06%","40.19%","33.36%","100.00%",""
"EY","10.41","10.42","10.41","7.67","8.06","12.15","10.44","8.25","6.76","16.67","20.09","6.70","5.01%"
"YoY %","-0.10%","0.10%","35.72%","-4.84%","-33.66%","16.38%","26.55%","22.04%","-59.45%","-17.02%","199.85%","-",""
"Horiz. %","155.37%","155.52%","155.37%","114.48%","120.30%","181.34%","155.82%","123.13%","100.90%","248.81%","299.85%","100.00%",""
"DY","0.66","0.66","0.66","1.85","2.92","0.00","0.00","0.00","6.00","9.09","0.00","0.00","-"
"YoY %","0.00%","0.00%","-64.32%","-36.64%","0.00%","0.00%","0.00%","0.00%","-33.99%","0.00%","0.00%","-",""
"Horiz. %","7.26%","7.26%","7.26%","20.35%","32.12%","0.00%","0.00%","0.00%","66.01%","100.00%","-","-",""
"P/NAPS","1.26","1.26","1.26","2.02","1.85","0.73","0.84","0.77","0.78","0.69","0.84","0.81","5.03%"
"YoY %","0.00%","0.00%","-37.62%","9.19%","153.42%","-13.10%","9.09%","-1.28%","13.04%","-17.86%","3.70%","-",""
"Horiz. %","155.56%","155.56%","155.56%","249.38%","228.40%","90.12%","103.70%","95.06%","96.30%","85.19%","103.70%","100.00%",""

