Column1,AQR,T4Q,31/12/18,31/12/17,31/12/16,31/12/15,31/12/14,31/12/13,31/12/12,31/12/11,31/12/10,31/12/09,CAGR
"Revenue","447,876","463,431","472,602","472,241","435,523","502,301","518,771","452,312","522,552","578,309","587,519","468,046","0.11%"
"YoY %","-3.36%","-1.94%","0.08%","8.43%","-13.29%","-3.17%","14.69%","-13.44%","-9.64%","-1.57%","25.53%","-",""
"Horiz. %","95.69%","99.01%","100.97%","100.90%","93.05%","107.32%","110.84%","96.64%","111.65%","123.56%","125.53%","100.00%",""
"PBT","5,652","-6,368","-5,879","-16,923","-13,393","11,138","26,980","20,591","33,838","30,177","32,469","-75","62.31%"
"YoY %","188.76%","-8.32%","65.26%","-26.36%","-220.25%","-58.72%","31.03%","-39.15%","12.13%","-7.06%","43,392.00%","-",""
"Horiz. %","-7,536.00%","8,490.67%","7,838.67%","22,564.00%","17,857.33%","-14,850.67%","-35,973.33%","-27,454.67%","-45,117.34%","-40,236.00%","-43,292.00%","100.00%",""
"Tax","-5,244","-5,744","-6,016","-13,021","-3,905","-7,572","-8,374","-4,264","-4,277","8,403","-6,363","7,946","-"
"YoY %","8.70%","4.52%","53.80%","-233.44%","48.43%","9.58%","-96.39%","0.30%","-150.90%","232.06%","-180.08%","-",""
"Horiz. %","-66.00%","-72.29%","-75.71%","-163.87%","-49.14%","-95.29%","-105.39%","-53.66%","-53.83%","105.75%","-80.08%","100.00%",""
"NP","408","-12,112","-11,895","-29,944","-17,298","3,566","18,606","16,327","29,561","38,580","26,106","7,871","-"
"YoY %","103.37%","-1.82%","60.28%","-73.11%","-585.08%","-80.83%","13.96%","-44.77%","-23.38%","47.78%","231.67%","-",""
"Horiz. %","5.18%","-153.88%","-151.12%","-380.43%","-219.77%","45.31%","236.39%","207.43%","375.57%","490.15%","331.67%","100.00%",""
"NP to SH","408","-12,112","-11,895","-29,942","-17,315","3,957","18,678","16,412","29,568","38,580","25,686","7,293","-"
"YoY %","103.37%","-1.82%","60.27%","-72.93%","-537.58%","-78.81%","13.81%","-44.49%","-23.36%","50.20%","252.20%","-",""
"Horiz. %","5.59%","-166.08%","-163.10%","-410.56%","-237.42%","54.26%","256.11%","225.04%","405.43%","529.00%","352.20%","100.00%",""
"Tax Rate","92.78    %","-     %","-     %","-     %","-     %","67.98    %","31.04    %","20.71    %","12.64    %","-27.85    %","19.60    %","-     %","-"
"YoY %","0.00%","0.00%","0.00%","0.00%","0.00%","119.01%","49.88%","63.84%","145.39%","-242.09%","0.00%","-",""
"Horiz. %","473.37%","0.00%","0.00%","0.00%","0.00%","346.84%","158.37%","105.66%","64.49%","-142.09%","100.00%","-",""
"Total Cost","447,468","475,543","484,497","502,185","452,821","498,735","500,165","435,985","492,991","539,729","561,413","460,175","0.57%"
"YoY %","-5.90%","-1.85%","-3.52%","10.90%","-9.21%","-0.29%","14.72%","-11.56%","-8.66%","-3.86%","22.00%","-",""
"Horiz. %","97.24%","103.34%","105.29%","109.13%","98.40%","108.38%","108.69%","94.74%","107.13%","117.29%","122.00%","100.00%",""
"Net Worth","277,943","277,943","278,005","291,083","319,913","338,259","339,165","326,566","317,063","290,810","247,272","220,667","2.60%"
"YoY %","0.00%","-0.02%","-4.49%","-9.01%","-5.42%","-0.27%","3.86%","3.00%","9.03%","17.61%","12.06%","-",""
"Horiz. %","125.96%","125.96%","125.98%","131.91%","144.98%","153.29%","153.70%","147.99%","143.68%","131.79%","112.06%","100.00%",""
"Div","-","0","-","-","-","1,595","6,369","6,372","6,373","6,391","1,637","1,659","-"
"YoY %","0.00%","0.00%","0.00%","0.00%","0.00%","-74.95%","-0.04%","-0.02%","-0.29%","290.30%","-1.30%","-",""
"Horiz. %","0.00%","0.00%","0.00%","0.00%","0.00%","96.17%","383.89%","384.05%","384.12%","385.22%","98.70%","100.00%",""
"Div Payout %","-     %","-     %","-     %","-     %","-     %","40.32    %","34.10    %","38.83    %","21.55    %","16.57    %","6.38    %","22.75    %","-"
"YoY %","0.00%","0.00%","0.00%","0.00%","0.00%","18.24%","-12.18%","80.19%","30.05%","159.72%","-71.96%","-",""
"Horiz. %","0.00%","0.00%","0.00%","0.00%","0.00%","177.23%","149.89%","170.68%","94.73%","72.84%","28.04%","100.00%",""
"Net Worth","277,943","277,943","278,005","291,083","319,913","338,259","339,165","326,566","317,063","290,810","247,272","220,667","2.60%"
"YoY %","0.00%","-0.02%","-4.49%","-9.01%","-5.42%","-0.27%","3.86%","3.00%","9.03%","17.61%","12.06%","-",""
"Horiz. %","125.96%","125.96%","125.98%","131.91%","144.98%","153.29%","153.70%","147.99%","143.68%","131.79%","112.06%","100.00%",""
"NOSH","158,825","158,825","158,860","159,062","159,161","159,556","159,232","159,300","159,328","159,785","163,756","165,915","-0.48%"
"YoY %","0.00%","-0.02%","-0.13%","-0.06%","-0.25%","0.20%","-0.04%","-0.02%","-0.29%","-2.42%","-1.30%","-",""
"Horiz. %","95.73%","95.73%","95.75%","95.87%","95.93%","96.17%","95.97%","96.01%","96.03%","96.31%","98.70%","100.00%",""
"NP Margin","0.09    %","-2.61    %","-2.52    %","-6.34    %","-3.97    %","0.71    %","3.59    %","3.61    %","5.66    %","6.67    %","4.44    %","1.68    %","-"
"YoY %","103.45%","-3.57%","60.25%","-59.70%","-659.15%","-80.22%","-0.55%","-36.22%","-15.14%","50.23%","164.29%","-",""
"Horiz. %","5.36%","-155.36%","-150.00%","-377.38%","-236.31%","42.26%","213.69%","214.88%","336.90%","397.02%","264.29%","100.00%",""
"ROE","0.15    %","-4.36    %","-4.28    %","-10.29    %","-5.41    %","1.17    %","5.51    %","5.03    %","9.33    %","13.27    %","10.39    %","3.30    %","-"
"YoY %","103.44%","-1.87%","58.41%","-90.20%","-562.39%","-78.77%","9.54%","-46.09%","-29.69%","27.72%","214.85%","-",""
"Horiz. %","4.55%","-132.12%","-129.70%","-311.82%","-163.94%","35.45%","166.97%","152.42%","282.73%","402.12%","314.85%","100.00%",""
"RPS","281.99","291.79","297.50","296.89","273.64","314.81","325.79","283.94","327.97","361.93","358.78","282.10","0.59%"
"YoY %","-3.36%","-1.92%","0.21%","8.50%","-13.08%","-3.37%","14.74%","-13.43%","-9.38%","0.88%","27.18%","-",""
"Horiz. %","99.96%","103.43%","105.46%","105.24%","97.00%","111.60%","115.49%","100.65%","116.26%","128.30%","127.18%","100.00%",""
"EPS","0.24","-7.63","-7.49","-18.82","-10.88","2.48","11.73","10.30","18.55","24.06","15.89","4.39","-"
"YoY %","103.15%","-1.87%","60.20%","-72.98%","-538.71%","-78.86%","13.88%","-44.47%","-22.90%","51.42%","261.96%","-",""
"Horiz. %","5.47%","-173.80%","-170.62%","-428.70%","-247.84%","56.49%","267.20%","234.62%","422.55%","548.06%","361.96%","100.00%",""
"DPS","0.00","0.00","0.00","0.00","0.00","1.00","4.00","4.00","4.00","4.00","1.00","1.00","-"
"YoY %","0.00%","0.00%","0.00%","0.00%","0.00%","-75.00%","0.00%","0.00%","0.00%","300.00%","0.00%","-",""
"Horiz. %","0.00%","0.00%","0.00%","0.00%","0.00%","100.00%","400.00%","400.00%","400.00%","400.00%","100.00%","100.00%",""
"NAPS","1.7500","1.7500","1.7500","1.8300","2.0100","2.1200","2.1300","2.0500","1.9900","1.8200","1.5100","1.3300","3.09%"
"YoY %","0.00%","0.00%","-4.37%","-8.96%","-5.19%","-0.47%","3.90%","3.02%","9.34%","20.53%","13.53%","-",""
"Horiz. %","131.58%","131.58%","131.58%","137.59%","151.13%","159.40%","160.15%","154.14%","149.62%","136.84%","113.53%","100.00%",""
"RPS","269.87","279.24","284.77","284.55","262.43","302.66","312.59","272.54","314.87","348.46","354.01","282.02","0.11%"
"YoY %","-3.36%","-1.94%","0.08%","8.43%","-13.29%","-3.18%","14.70%","-13.44%","-9.64%","-1.57%","25.53%","-",""
"Horiz. %","95.69%","99.01%","100.98%","100.90%","93.05%","107.32%","110.84%","96.64%","111.65%","123.56%","125.53%","100.00%",""
"EPS","0.25","-7.30","-7.17","-18.04","-10.43","2.38","11.25","9.89","17.82","23.25","15.48","4.39","-"
"YoY %","103.42%","-1.81%","60.25%","-72.96%","-538.24%","-78.84%","13.75%","-44.50%","-23.35%","50.19%","252.62%","-",""
"Horiz. %","5.69%","-166.29%","-163.33%","-410.93%","-237.59%","54.21%","256.26%","225.28%","405.92%","529.61%","352.62%","100.00%",""
"DPS","0.00","0.00","0.00","0.00","0.00","0.96","3.84","3.84","3.84","3.85","0.99","1.00","-"
"YoY %","0.00%","0.00%","0.00%","0.00%","0.00%","-75.00%","0.00%","0.00%","-0.26%","288.89%","-1.00%","-",""
"Horiz. %","0.00%","0.00%","0.00%","0.00%","0.00%","96.00%","384.00%","384.00%","384.00%","385.00%","99.00%","100.00%",""
"NAPS","1.6748","1.6748","1.6751","1.7539","1.9277","2.0382","2.0437","1.9677","1.9105","1.7523","1.4900","1.3296","2.60%"
"YoY %","0.00%","-0.02%","-4.49%","-9.02%","-5.42%","-0.27%","3.86%","2.99%","9.03%","17.60%","12.06%","-",""
"Horiz. %","125.96%","125.96%","125.99%","131.91%","144.98%","153.29%","153.71%","147.99%","143.69%","131.79%","112.06%","100.00%",""
"Date","AQR","T4Q","31/12/18","29/12/17","30/12/16","31/12/15","31/12/14","31/12/13","31/12/12","30/12/11","30/12/10","31/12/09","-"
"Price","0.3500","0.3500","0.4600","0.5000","0.5000","0.7050","0.7700","0.7150","0.7000","0.7700","0.5600","0.4700","-"
"P/RPS","0.12","0.12","0.15","0.17","0.18","0.22","0.24","0.25","0.21","0.21","0.16","0.17","-1.38%"
"YoY %","0.00%","-20.00%","-11.76%","-5.56%","-18.18%","-8.33%","-4.00%","19.05%","0.00%","31.25%","-5.88%","-",""
"Horiz. %","70.59%","70.59%","88.24%","100.00%","105.88%","129.41%","141.18%","147.06%","123.53%","123.53%","94.12%","100.00%",""
"P/EPS","136.25","-4.59","-6.14","-2.66","-4.60","28.43","6.56","6.94","3.77","3.19","3.57","10.69","-"
"YoY %","3,068.41%","25.24%","-130.83%","42.17%","-116.18%","333.38%","-5.48%","84.08%","18.18%","-10.64%","-66.60%","-",""
"Horiz. %","1,274.56%","-42.94%","-57.44%","-24.88%","-43.03%","265.95%","61.37%","64.92%","35.27%","29.84%","33.40%","100.00%",""
"EY","0.73","-21.79","-16.28","-37.65","-21.76","3.52","15.23","14.41","26.51","31.36","28.01","9.35","-"
"YoY %","103.35%","-33.85%","56.76%","-73.02%","-718.18%","-76.89%","5.69%","-45.64%","-15.47%","11.96%","199.57%","-",""
"Horiz. %","7.81%","-233.05%","-174.12%","-402.67%","-232.73%","37.65%","162.89%","154.12%","283.53%","335.40%","299.57%","100.00%",""
"DY","0.00","0.00","0.00","0.00","0.00","1.42","5.19","5.59","5.71","5.19","1.79","2.13","-"
"YoY %","0.00%","0.00%","0.00%","0.00%","0.00%","-72.64%","-7.16%","-2.10%","10.02%","189.94%","-15.96%","-",""
"Horiz. %","0.00%","0.00%","0.00%","0.00%","0.00%","66.67%","243.66%","262.44%","268.08%","243.66%","84.04%","100.00%",""
"P/NAPS","0.20","0.20","0.26","0.27","0.25","0.33","0.36","0.35","0.35","0.42","0.37","0.35","-3.25%"
"YoY %","0.00%","-23.08%","-3.70%","8.00%","-24.24%","-8.33%","2.86%","0.00%","-16.67%","13.51%","5.71%","-",""
"Horiz. %","57.14%","57.14%","74.29%","77.14%","71.43%","94.29%","102.86%","100.00%","100.00%","120.00%","105.71%","100.00%",""
"Date","AQR","T4Q","28/02/19","27/02/18","28/02/17","26/02/16","25/02/15","19/02/14","26/02/13","29/02/12","18/02/11","25/02/10","-"
"Price","0.3250","0.3250","0.4000","0.4550","0.5200","0.7100","0.7650","0.7100","0.7050","0.9200","0.5700","0.4800","-"
"P/RPS","0.12","0.11","0.13","0.15","0.19","0.23","0.23","0.25","0.21","0.25","0.16","0.17","-2.93%"
"YoY %","9.09%","-15.38%","-13.33%","-21.05%","-17.39%","0.00%","-8.00%","19.05%","-16.00%","56.25%","-5.88%","-",""
"Horiz. %","70.59%","64.71%","76.47%","88.24%","111.76%","135.29%","135.29%","147.06%","123.53%","147.06%","94.12%","100.00%",""
"P/EPS","126.52","-4.26","-5.34","-2.42","-4.78","28.63","6.52","6.89","3.80","3.81","3.63","10.92","-"
"YoY %","3,069.95%","20.22%","-120.66%","49.37%","-116.70%","339.11%","-5.37%","81.32%","-0.26%","4.96%","-66.76%","-",""
"Horiz. %","1,158.61%","-39.01%","-48.90%","-22.16%","-43.77%","262.18%","59.71%","63.10%","34.80%","34.89%","33.24%","100.00%",""
"EY","0.79","-23.46","-18.72","-41.37","-20.92","3.49","15.33","14.51","26.32","26.24","27.52","9.16","-"
"YoY %","103.37%","-25.32%","54.75%","-97.75%","-699.43%","-77.23%","5.65%","-44.87%","0.30%","-4.65%","200.44%","-",""
"Horiz. %","8.62%","-256.11%","-204.37%","-451.64%","-228.38%","38.10%","167.36%","158.41%","287.34%","286.46%","300.44%","100.00%",""
"DY","0.00","0.00","0.00","0.00","0.00","1.41","5.23","5.63","5.67","4.35","1.75","2.08","-"
"YoY %","0.00%","0.00%","0.00%","0.00%","0.00%","-73.04%","-7.10%","-0.71%","30.34%","148.57%","-15.87%","-",""
"Horiz. %","0.00%","0.00%","0.00%","0.00%","0.00%","67.79%","251.44%","270.67%","272.60%","209.13%","84.13%","100.00%",""
"P/NAPS","0.19","0.19","0.23","0.25","0.26","0.33","0.36","0.35","0.35","0.51","0.38","0.36","-4.85%"
"YoY %","0.00%","-17.39%","-8.00%","-3.85%","-21.21%","-8.33%","2.86%","0.00%","-31.37%","34.21%","5.56%","-",""
"Horiz. %","52.78%","52.78%","63.89%","69.44%","72.22%","91.67%","100.00%","97.22%","97.22%","141.67%","105.56%","100.00%",""

