Column1,AQR,T4Q,28/02/18,28/02/17,29/02/16,28/02/16,28/02/15,28/02/14,28/02/13,29/02/12,28/02/11,28/02/10,CAGR
"Revenue","72,670","67,774","56,009","47,889","41,807","41,807","43,923","40,601","33,926","31,680","32,730","36,148","5.62%"
"YoY %","7.22%","21.01%","16.96%","14.55%","0.00%","-4.82%","8.18%","19.68%","7.09%","-3.21%","-9.46%","-",""
"Horiz. %","201.04%","187.49%","154.94%","132.48%","115.66%","115.66%","121.51%","112.32%","93.85%","87.64%","90.54%","100.00%",""
"PBT","10,262","6,951","2,741","43,271","4,962","4,962","6,130","6,268","23,214","6,742","7,433","2,727","0.06%"
"YoY %","47.64%","153.59%","-93.67%","772.05%","0.00%","-19.05%","-2.20%","-73.00%","244.32%","-9.30%","172.57%","-",""
"Horiz. %","376.34%","254.90%","100.51%","1,586.76%","181.96%","181.96%","224.79%","229.85%","851.27%","247.23%","272.57%","100.00%",""
"Tax","-626","-1,089","-779","-8,907","-600","-600","-623","-354","-1,772","-286","-874","-827","-0.74%"
"YoY %","42.45%","-39.79%","91.25%","-1,384.50%","0.00%","3.69%","-75.99%","80.02%","-519.58%","67.28%","-5.68%","-",""
"Horiz. %","75.78%","131.68%","94.20%","1,077.03%","72.55%","72.55%","75.33%","42.81%","214.27%","34.58%","105.68%","100.00%",""
"NP","9,636","5,862","1,962","34,364","4,362","4,362","5,507","5,914","21,442","6,456","6,559","1,900","0.40%"
"YoY %","64.38%","198.78%","-94.29%","687.80%","0.00%","-20.79%","-6.88%","-72.42%","232.13%","-1.57%","245.21%","-",""
"Horiz. %","507.16%","308.53%","103.26%","1,808.63%","229.58%","229.58%","289.84%","311.26%","1,128.53%","339.79%","345.21%","100.00%",""
"NP to SH","9,636","5,862","1,962","34,364","4,362","4,362","5,507","5,914","21,442","6,456","4,025","1,135","7.08%"
"YoY %","64.38%","198.78%","-94.29%","687.80%","0.00%","-20.79%","-6.88%","-72.42%","232.13%","60.40%","254.63%","-",""
"Horiz. %","848.99%","516.48%","172.86%","3,027.67%","384.32%","384.32%","485.20%","521.06%","1,889.16%","568.81%","354.63%","100.00%",""
"Tax Rate","6.11    %","15.67    %","28.42    %","20.58    %","12.09    %","12.09    %","10.16    %","5.65    %","7.63    %","4.24    %","11.76    %","30.33    %","-0.81%"
"YoY %","-61.01%","-44.86%","38.10%","70.22%","0.00%","19.00%","79.82%","-25.95%","79.95%","-63.95%","-61.23%","-",""
"Horiz. %","20.15%","51.67%","93.70%","67.85%","39.86%","39.86%","33.50%","18.63%","25.16%","13.98%","38.77%","100.00%",""
"Total Cost","63,034","61,912","54,047","13,525","37,445","37,445","38,416","34,687","12,484","25,224","26,171","34,248","5.86%"
"YoY %","1.81%","14.55%","299.61%","-63.88%","0.00%","-2.53%","10.75%","177.85%","-50.51%","-3.62%","-23.58%","-",""
"Horiz. %","184.05%","180.78%","157.81%","39.49%","109.33%","109.33%","112.17%","101.28%","36.45%","73.65%","76.42%","100.00%",""
"Net Worth","168,373","168,373","161,302","159,335","124,820","124,820","120,705","115,003","109,192","87,651","50,120","77,117","9.66%"
"YoY %","0.00%","4.38%","1.23%","27.65%","0.00%","3.41%","4.96%","5.32%","24.58%","74.88%","-35.01%","-",""
"Horiz. %","218.33%","218.33%","209.16%","206.61%","161.86%","161.86%","156.52%","149.13%","141.59%","113.66%","64.99%","100.00%",""
"Div","-","0","-","-","-","-","-","-","-","-","-","-","-"
"YoY %","0.00%","0.00%","0.00%","0.00%","0.00%","0.00%","0.00%","0.00%","0.00%","0.00%","0.00%","-",""
"Horiz. %","-","-","-","-","-","-","-","-","-","-","-","-",""
"Div Payout %","-     %","-     %","-     %","-     %","-     %","-     %","-     %","-     %","-     %","-     %","-     %","-     %","-"
"YoY %","0.00%","0.00%","0.00%","0.00%","0.00%","0.00%","0.00%","0.00%","0.00%","0.00%","0.00%","-",""
"Horiz. %","-","-","-","-","-","-","-","-","-","-","-","-",""
"Net Worth","168,373","168,373","161,302","159,335","124,820","124,820","120,705","115,003","109,192","87,651","50,120","77,117","9.66%"
"YoY %","0.00%","4.38%","1.23%","27.65%","0.00%","3.41%","4.96%","5.32%","24.58%","74.88%","-35.01%","-",""
"Horiz. %","218.33%","218.33%","209.16%","206.61%","161.86%","161.86%","156.52%","149.13%","141.59%","113.66%","64.99%","100.00%",""
"NOSH","159,974","159,974","159,974","159,974","159,780","159,780","160,087","159,837","159,965","159,801","98,623","159,663","0.02%"
"YoY %","0.00%","0.00%","0.00%","0.12%","0.00%","-0.19%","0.16%","-0.08%","0.10%","62.03%","-38.23%","-",""
"Horiz. %","100.19%","100.19%","100.19%","100.19%","100.07%","100.07%","100.27%","100.11%","100.19%","100.09%","61.77%","100.00%",""
"NP Margin","13.26    %","8.65    %","3.50    %","71.76    %","10.43    %","10.43    %","12.54    %","14.57    %","63.20    %","20.38    %","20.04    %","5.26    %","-4.96%"
"YoY %","53.29%","147.14%","-95.12%","588.02%","0.00%","-16.83%","-13.93%","-76.95%","210.11%","1.70%","280.99%","-",""
"Horiz. %","252.09%","164.45%","66.54%","1,364.26%","198.29%","198.29%","238.40%","277.00%","1,201.52%","387.45%","380.99%","100.00%",""
"ROE","5.72    %","3.48    %","1.22    %","21.57    %","3.49    %","3.49    %","4.56    %","5.14    %","19.64    %","7.37    %","8.03    %","1.47    %","-2.30%"
"YoY %","64.37%","185.25%","-94.34%","518.05%","0.00%","-23.46%","-11.28%","-73.83%","166.49%","-8.22%","446.26%","-",""
"Horiz. %","389.12%","236.73%","82.99%","1,467.35%","237.41%","237.41%","310.20%","349.66%","1,336.05%","501.36%","546.26%","100.00%",""
"RPS","45.43","42.37","35.01","29.94","26.17","26.17","27.44","25.40","21.21","19.82","33.19","22.64","5.60%"
"YoY %","7.22%","21.02%","16.93%","14.41%","0.00%","-4.63%","8.03%","19.75%","7.01%","-40.28%","46.60%","-",""
"Horiz. %","200.66%","187.15%","154.64%","132.24%","115.59%","115.59%","121.20%","112.19%","93.68%","87.54%","146.60%","100.00%",""
"EPS","6.03","3.66","1.23","21.48","2.73","2.73","3.44","3.70","13.40","4.04","4.10","1.19","0.41%"
"YoY %","64.75%","197.56%","-94.27%","686.81%","0.00%","-20.64%","-7.03%","-72.39%","231.68%","-1.46%","244.54%","-",""
"Horiz. %","506.72%","307.56%","103.36%","1,805.04%","229.41%","229.41%","289.08%","310.92%","1,126.05%","339.50%","344.54%","100.00%",""
"DPS","0.00","0.00","0.00","0.00","0.00","0.00","0.00","0.00","0.00","0.00","0.00","0.00","-"
"YoY %","0.00%","0.00%","0.00%","0.00%","0.00%","0.00%","0.00%","0.00%","0.00%","0.00%","0.00%","-",""
"Horiz. %","-","-","-","-","-","-","-","-","-","-","-","-",""
"NAPS","1.0525","1.0525","1.0083","0.9960","0.7812","0.7812","0.7540","0.7195","0.6826","0.5485","0.5082","0.4830","9.63%"
"YoY %","0.00%","4.38%","1.23%","27.50%","0.00%","3.61%","4.79%","5.41%","24.45%","7.93%","5.22%","-",""
"Horiz. %","217.91%","217.91%","208.76%","206.21%","161.74%","161.74%","156.11%","148.96%","141.33%","113.56%","105.22%","100.00%",""
"RPS","45.43","42.37","35.01","29.94","26.13","26.13","27.46","25.38","21.21","19.80","20.46","22.60","5.62%"
"YoY %","7.22%","21.02%","16.93%","14.58%","0.00%","-4.84%","8.20%","19.66%","7.12%","-3.23%","-9.47%","-",""
"Horiz. %","201.02%","187.48%","154.91%","132.48%","115.62%","115.62%","121.50%","112.30%","93.85%","87.61%","90.53%","100.00%",""
"EPS","6.03","3.66","1.23","21.48","2.73","2.73","3.44","3.70","13.40","4.04","2.52","0.71","7.11%"
"YoY %","64.75%","197.56%","-94.27%","686.81%","0.00%","-20.64%","-7.03%","-72.39%","231.68%","60.32%","254.93%","-",""
"Horiz. %","849.30%","515.49%","173.24%","3,025.35%","384.51%","384.51%","484.51%","521.13%","1,887.32%","569.01%","354.93%","100.00%",""
"DPS","0.00","0.00","0.00","0.00","0.00","0.00","0.00","0.00","0.00","0.00","0.00","0.00","-"
"YoY %","0.00%","0.00%","0.00%","0.00%","0.00%","0.00%","0.00%","0.00%","0.00%","0.00%","0.00%","-",""
"Horiz. %","-","-","-","-","-","-","-","-","-","-","-","-",""
"NAPS","1.0525","1.0525","1.0083","0.9960","0.7802","0.7802","0.7545","0.7189","0.6826","0.5479","0.3133","0.4821","9.66%"
"YoY %","0.00%","4.38%","1.23%","27.66%","0.00%","3.41%","4.95%","5.32%","24.58%","74.88%","-35.01%","-",""
"Horiz. %","218.32%","218.32%","209.15%","206.60%","161.83%","161.83%","156.50%","149.12%","141.59%","113.65%","64.99%","100.00%",""
"Date","AQR","T4Q","28/02/18","28/02/17","29/02/16","26/02/16","27/02/15","28/02/14","28/02/13","29/02/12","28/02/11","25/02/10","-"
"Price","0.4000","0.4000","0.5350","0.3100","0.3750","0.3750","0.4300","0.3700","0.3500","0.3600","0.3650","0.3800","-"
"P/RPS","0.88","0.94","1.53","1.04","1.43","1.43","1.57","1.46","1.65","1.82","1.10","1.68","-1.16%"
"YoY %","-6.38%","-38.56%","47.12%","-27.27%","0.00%","-8.92%","7.53%","-11.52%","-9.34%","65.45%","-34.52%","-",""
"Horiz. %","52.38%","55.95%","91.07%","61.90%","85.12%","85.12%","93.45%","86.90%","98.21%","108.33%","65.48%","100.00%",""
"P/EPS","6.64","10.92","43.62","1.44","13.74","13.74","12.50","10.00","2.61","8.91","8.94","53.46","-2.51%"
"YoY %","-39.19%","-74.97%","2,929.17%","-89.52%","0.00%","9.92%","25.00%","283.14%","-70.71%","-0.34%","-83.28%","-",""
"Horiz. %","12.42%","20.43%","81.59%","2.69%","25.70%","25.70%","23.38%","18.71%","4.88%","16.67%","16.72%","100.00%",""
"EY","15.06","9.16","2.29","69.29","7.28","7.28","8.00","10.00","38.30","11.22","11.18","1.87","2.56%"
"YoY %","64.41%","300.00%","-96.70%","851.79%","0.00%","-9.00%","-20.00%","-73.89%","241.35%","0.36%","497.86%","-",""
"Horiz. %","805.35%","489.84%","122.46%","3,705.35%","389.30%","389.30%","427.81%","534.76%","2,048.13%","600.00%","597.86%","100.00%",""
"DY","0.00","0.00","0.00","0.00","0.00","0.00","0.00","0.00","0.00","0.00","0.00","0.00","-"
"YoY %","0.00%","0.00%","0.00%","0.00%","0.00%","0.00%","0.00%","0.00%","0.00%","0.00%","0.00%","-",""
"Horiz. %","-","-","-","-","-","-","-","-","-","-","-","-",""
"P/NAPS","0.38","0.38","0.53","0.31","0.48","0.48","0.57","0.51","0.51","0.66","0.72","0.79","-4.86%"
"YoY %","0.00%","-28.30%","70.97%","-35.42%","0.00%","-15.79%","11.76%","0.00%","-22.73%","-8.33%","-8.86%","-",""
"Horiz. %","48.10%","48.10%","67.09%","39.24%","60.76%","60.76%","72.15%","64.56%","64.56%","83.54%","91.14%","100.00%",""
"Date","AQR","T4Q","27/04/18","28/04/17","28/04/16","-","24/04/15","25/04/14","29/04/13","27/04/12","29/04/11","27/04/10","-"
"Price","0.4750","0.4750","0.4900","0.3050","0.3600","0.0000","0.4250","0.4400","0.3200","0.3700","0.3500","0.3700","-"
"P/RPS","1.05","1.12","1.40","1.02","1.38","0.00","1.55","1.73","1.51","1.87","1.05","1.63","-1.88%"
"YoY %","-6.25%","-20.00%","37.25%","-26.09%","0.00%","0.00%","-10.40%","14.57%","-19.25%","78.10%","-35.58%","-",""
"Horiz. %","64.42%","68.71%","85.89%","62.58%","84.66%","0.00%","95.09%","106.13%","92.64%","114.72%","64.42%","100.00%",""
"P/EPS","7.89","12.96","39.95","1.42","13.19","0.00","12.35","11.89","2.39","9.16","8.58","52.05","-3.25%"
"YoY %","-39.12%","-67.56%","2,713.38%","-89.23%","0.00%","0.00%","3.87%","397.49%","-73.91%","6.76%","-83.52%","-",""
"Horiz. %","15.16%","24.90%","76.75%","2.73%","25.34%","0.00%","23.73%","22.84%","4.59%","17.60%","16.48%","100.00%",""
"EY","12.68","7.71","2.50","70.43","7.58","0.00","8.09","8.41","41.89","10.92","11.66","1.92","3.35%"
"YoY %","64.46%","208.40%","-96.45%","829.16%","0.00%","0.00%","-3.80%","-79.92%","283.61%","-6.35%","507.29%","-",""
"Horiz. %","660.42%","401.56%","130.21%","3,668.23%","394.79%","0.00%","421.35%","438.02%","2,181.77%","568.75%","607.29%","100.00%",""
"DY","0.00","0.00","0.00","0.00","0.00","0.00","0.00","0.00","0.00","0.00","0.00","0.00","-"
"YoY %","0.00%","0.00%","0.00%","0.00%","0.00%","0.00%","0.00%","0.00%","0.00%","0.00%","0.00%","-",""
"Horiz. %","-","-","-","-","-","-","-","-","-","-","-","-",""
"P/NAPS","0.45","0.45","0.49","0.31","0.46","0.00","0.56","0.61","0.47","0.67","0.69","0.77","-5.49%"
"YoY %","0.00%","-8.16%","58.06%","-32.61%","0.00%","0.00%","-8.20%","29.79%","-29.85%","-2.90%","-10.39%","-",""
"Horiz. %","58.44%","58.44%","63.64%","40.26%","59.74%","0.00%","72.73%","79.22%","61.04%","87.01%","89.61%","100.00%",""

