Column1,AQR,T4Q,31/12/17,31/12/16,31/12/15,31/12/14,31/12/13,31/12/12,31/12/11,31/12/10,31/12/09,31/12/08,CAGR
"Revenue","82,528","101,905","102,192","97,343","120,113","136,399","81,650","79,732","105,930","152,671","161,988","140,432","-3.47%"
"YoY %","-19.01%","-0.28%","4.98%","-18.96%","-11.94%","67.05%","2.41%","-24.73%","-30.62%","-5.75%","15.35%","-",""
"Horiz. %","58.77%","72.57%","72.77%","69.32%","85.53%","97.13%","58.14%","56.78%","75.43%","108.72%","115.35%","100.00%",""
"PBT","22,644","17,828","15,404","22,339","24,836","26,626","5,518","573","2,557","24,302","38,258","31,870","-7.76%"
"YoY %","27.01%","15.74%","-31.04%","-10.05%","-6.72%","382.53%","863.00%","-77.59%","-89.48%","-36.48%","20.04%","-",""
"Horiz. %","71.05%","55.94%","48.33%","70.09%","77.93%","83.55%","17.31%","1.80%","8.02%","76.25%","120.04%","100.00%",""
"Tax","-1,152","-947","-1,885","-6,403","-7,615","-6,892","-2,858","-3,649","-1,980","-3,889","-2,419","-4,130","-8.34%"
"YoY %","-21.65%","49.76%","70.56%","15.92%","-10.49%","-141.15%","21.68%","-84.29%","49.09%","-60.77%","41.43%","-",""
"Horiz. %","27.89%","22.93%","45.64%","155.04%","184.38%","166.88%","69.20%","88.35%","47.94%","94.16%","58.57%","100.00%",""
"NP","21,492","16,881","13,519","15,936","17,221","19,734","2,660","-3,076","577","20,413","35,839","27,740","-7.67%"
"YoY %","27.31%","24.87%","-15.17%","-7.46%","-12.73%","641.88%","186.48%","-633.10%","-97.17%","-43.04%","29.20%","-",""
"Horiz. %","77.48%","60.85%","48.73%","57.45%","62.08%","71.14%","9.59%","-11.09%","2.08%","73.59%","129.20%","100.00%",""
"NP to SH","21,588","16,850","13,490","16,385","17,232","19,718","2,787","-3,119","494","21,162","35,804","27,724","-7.69%"
"YoY %","28.12%","24.91%","-17.67%","-4.92%","-12.61%","607.50%","189.36%","-731.38%","-97.67%","-40.89%","29.14%","-",""
"Horiz. %","77.87%","60.78%","48.66%","59.10%","62.16%","71.12%","10.05%","-11.25%","1.78%","76.33%","129.14%","100.00%",""
"Tax Rate","5.09    %","5.31    %","12.24    %","28.66    %","30.66    %","25.88    %","51.79    %","636.82    %","77.43    %","16.00    %","6.32    %","12.96    %","-0.63%"
"YoY %","-4.14%","-56.62%","-57.29%","-6.52%","18.47%","-50.03%","-91.87%","722.45%","383.94%","153.16%","-51.23%","-",""
"Horiz. %","39.27%","40.97%","94.44%","221.14%","236.57%","199.69%","399.61%","4,913.73%","597.45%","123.46%","48.77%","100.00%",""
"Total Cost","61,036","85,024","88,673","81,407","102,892","116,665","78,990","82,808","105,353","132,258","126,149","112,692","-2.63%"
"YoY %","-28.21%","-4.12%","8.93%","-20.88%","-11.81%","47.70%","-4.61%","-21.40%","-20.34%","4.84%","11.94%","-",""
"Horiz. %","54.16%","75.45%","78.69%","72.24%","91.30%","103.53%","70.09%","73.48%","93.49%","117.36%","111.94%","100.00%",""
"Net Worth","331,941","331,941","328,621","320,875","309,788","290,303","275,161","268,890","271,699","275,744","264,698","231,412","3.97%"
"YoY %","0.00%","1.01%","2.41%","3.58%","6.71%","5.50%","2.33%","-1.03%","-1.47%","4.17%","14.38%","-",""
"Horiz. %","143.44%","143.44%","142.01%","138.66%","133.87%","125.45%","118.91%","116.20%","117.41%","119.16%","114.38%","100.00%",""
"Div","-","5,808","5,808","4,149","4,148","4,147","-","-","-","-","9,055","-","-"
"YoY %","0.00%","0.00%","40.00%","0.01%","0.04%","0.00%","0.00%","0.00%","0.00%","0.00%","0.00%","-",""
"Horiz. %","0.00%","64.15%","64.15%","45.82%","45.82%","45.80%","0.00%","0.00%","0.00%","0.00%","100.00%","-",""
"Div Payout %","-     %","34.47    %","43.06    %","25.32    %","24.08    %","21.03    %","-     %","-     %","-     %","-     %","25.29    %","-     %","-"
"YoY %","0.00%","-19.95%","70.06%","5.15%","14.50%","0.00%","0.00%","0.00%","0.00%","0.00%","0.00%","-",""
"Horiz. %","0.00%","136.30%","170.26%","100.12%","95.22%","83.16%","0.00%","0.00%","0.00%","0.00%","100.00%","-",""
"Net Worth","331,941","331,941","328,621","320,875","309,788","290,303","275,161","268,890","271,699","275,744","264,698","231,412","3.97%"
"YoY %","0.00%","1.01%","2.41%","3.58%","6.71%","5.50%","2.33%","-1.03%","-1.47%","4.17%","14.38%","-",""
"Horiz. %","143.44%","143.44%","142.01%","138.66%","133.87%","125.45%","118.91%","116.20%","117.41%","119.16%","114.38%","100.00%",""
"NOSH","331,941","331,941","331,941","276,617","276,597","276,479","277,941","277,207","274,444","278,529","278,630","278,809","1.96%"
"YoY %","0.00%","0.00%","20.00%","0.01%","0.04%","-0.53%","0.26%","1.01%","-1.47%","-0.04%","-0.06%","-",""
"Horiz. %","119.06%","119.06%","119.06%","99.21%","99.21%","99.16%","99.69%","99.43%","98.43%","99.90%","99.94%","100.00%",""
"NP Margin","26.04    %","16.57    %","13.23    %","16.37    %","14.34    %","14.47    %","3.26    %","-3.86    %","0.54    %","13.37    %","22.12    %","19.75    %","-4.35%"
"YoY %","57.15%","25.25%","-19.18%","14.16%","-0.90%","343.87%","184.46%","-814.81%","-95.96%","-39.56%","12.00%","-",""
"Horiz. %","131.85%","83.90%","66.99%","82.89%","72.61%","73.27%","16.51%","-19.54%","2.73%","67.70%","112.00%","100.00%",""
"ROE","6.50    %","5.08    %","4.11    %","5.11    %","5.56    %","6.79    %","1.01    %","-1.16    %","0.18    %","7.67    %","13.53    %","11.98    %","-11.20%"
"YoY %","27.95%","23.60%","-19.57%","-8.09%","-18.11%","572.28%","187.07%","-744.44%","-97.65%","-43.31%","12.94%","-",""
"Horiz. %","54.26%","42.40%","34.31%","42.65%","46.41%","56.68%","8.43%","-9.68%","1.50%","64.02%","112.94%","100.00%",""
"RPS","24.86","30.70","30.79","35.19","43.43","49.33","29.38","28.76","38.60","54.81","58.14","50.37","-5.32%"
"YoY %","-19.02%","-0.29%","-12.50%","-18.97%","-11.96%","67.90%","2.16%","-25.49%","-29.57%","-5.73%","15.43%","-",""
"Horiz. %","49.35%","60.95%","61.13%","69.86%","86.22%","97.94%","58.33%","57.10%","76.63%","108.81%","115.43%","100.00%",""
"EPS","6.52","5.08","4.06","4.94","6.23","7.13","1.01","-1.13","0.18","7.59","12.85","9.95","-9.47%"
"YoY %","28.35%","25.12%","-17.81%","-20.71%","-12.62%","605.94%","189.38%","-727.78%","-97.63%","-40.93%","29.15%","-",""
"Horiz. %","65.53%","51.06%","40.80%","49.65%","62.61%","71.66%","10.15%","-11.36%","1.81%","76.28%","129.15%","100.00%",""
"DPS","0.00","1.75","1.75","1.50","1.50","1.50","0.00","0.00","0.00","0.00","3.25","0.00","-"
"YoY %","0.00%","0.00%","16.67%","0.00%","0.00%","0.00%","0.00%","0.00%","0.00%","0.00%","0.00%","-",""
"Horiz. %","0.00%","53.85%","53.85%","46.15%","46.15%","46.15%","0.00%","0.00%","0.00%","0.00%","100.00%","-",""
"NAPS","1.0000","1.0000","0.9900","1.1600","1.1200","1.0500","0.9900","0.9700","0.9900","0.9900","0.9500","0.8300","1.98%"
"YoY %","0.00%","1.01%","-14.66%","3.57%","6.67%","6.06%","2.06%","-2.02%","0.00%","4.21%","14.46%","-",""
"Horiz. %","120.48%","120.48%","119.28%","139.76%","134.94%","126.51%","119.28%","116.87%","119.28%","119.28%","114.46%","100.00%",""
"RPS","24.71","30.51","30.59","29.14","35.96","40.83","24.44","23.87","31.71","45.70","48.49","42.04","-3.47%"
"YoY %","-19.01%","-0.26%","4.98%","-18.97%","-11.93%","67.06%","2.39%","-24.72%","-30.61%","-5.75%","15.34%","-",""
"Horiz. %","58.78%","72.57%","72.76%","69.31%","85.54%","97.12%","58.14%","56.78%","75.43%","108.71%","115.34%","100.00%",""
"EPS","6.46","5.04","4.04","4.91","5.16","5.90","0.83","-0.93","0.15","6.34","10.72","8.30","-7.68%"
"YoY %","28.17%","24.75%","-17.72%","-4.84%","-12.54%","610.84%","189.25%","-720.00%","-97.63%","-40.86%","29.16%","-",""
"Horiz. %","77.83%","60.72%","48.67%","59.16%","62.17%","71.08%","10.00%","-11.20%","1.81%","76.39%","129.16%","100.00%",""
"DPS","0.00","1.74","1.74","1.24","1.24","1.24","0.00","0.00","0.00","0.00","2.71","0.00","-"
"YoY %","0.00%","0.00%","40.32%","0.00%","0.00%","0.00%","0.00%","0.00%","0.00%","0.00%","0.00%","-",""
"Horiz. %","0.00%","64.21%","64.21%","45.76%","45.76%","45.76%","0.00%","0.00%","0.00%","0.00%","100.00%","-",""
"NAPS","0.9937","0.9937","0.9838","0.9606","0.9274","0.8691","0.8237","0.8050","0.8134","0.8255","0.7924","0.6928","3.97%"
"YoY %","0.00%","1.01%","2.42%","3.58%","6.71%","5.51%","2.32%","-1.03%","-1.47%","4.18%","14.38%","-",""
"Horiz. %","143.43%","143.43%","142.00%","138.65%","133.86%","125.45%","118.89%","116.20%","117.41%","119.15%","114.38%","100.00%",""
"Date","AQR","T4Q","29/12/17","30/12/16","31/12/15","31/12/14","31/12/13","31/12/12","30/12/11","30/12/10","31/12/09","31/12/08","-"
"Price","0.6800","0.6800","0.7900","0.9700","0.8400","0.6650","0.4200","0.3300","0.5400","0.7000","0.8300","0.2500","-"
"P/RPS","2.74","2.22","2.57","2.76","1.93","1.35","1.43","1.15","1.40","1.28","1.43","0.50","19.94%"
"YoY %","23.42%","-13.62%","-6.88%","43.01%","42.96%","-5.59%","24.35%","-17.86%","9.38%","-10.49%","186.00%","-",""
"Horiz. %","548.00%","444.00%","514.00%","552.00%","386.00%","270.00%","286.00%","230.00%","280.00%","256.00%","286.00%","100.00%",""
"P/EPS","10.46","13.40","19.44","16.38","13.48","9.32","41.89","-29.33","300.00","9.21","6.46","2.51","25.52%"
"YoY %","-21.94%","-31.07%","18.68%","21.51%","44.64%","-77.75%","242.82%","-109.78%","3,157.33%","42.57%","157.37%","-",""
"Horiz. %","416.73%","533.86%","774.50%","652.59%","537.05%","371.31%","1,668.92%","-1,168.53%","11,952.19%","366.93%","257.37%","100.00%",""
"EY","9.56","7.47","5.14","6.11","7.42","10.72","2.39","-3.41","0.33","10.85","15.48","39.77","-20.32%"
"YoY %","27.98%","45.33%","-15.88%","-17.65%","-30.78%","348.54%","170.09%","-1,133.33%","-96.96%","-29.91%","-61.08%","-",""
"Horiz. %","24.04%","18.78%","12.92%","15.36%","18.66%","26.95%","6.01%","-8.57%","0.83%","27.28%","38.92%","100.00%",""
"DY","0.00","2.57","2.22","1.55","1.79","2.26","0.00","0.00","0.00","0.00","3.92","0.00","-"
"YoY %","0.00%","15.77%","43.23%","-13.41%","-20.80%","0.00%","0.00%","0.00%","0.00%","0.00%","0.00%","-",""
"Horiz. %","0.00%","65.56%","56.63%","39.54%","45.66%","57.65%","0.00%","0.00%","0.00%","0.00%","100.00%","-",""
"P/NAPS","0.68","0.68","0.80","0.84","0.75","0.63","0.42","0.34","0.55","0.71","0.87","0.30","11.51%"
"YoY %","0.00%","-15.00%","-4.76%","12.00%","19.05%","50.00%","23.53%","-38.18%","-22.54%","-18.39%","190.00%","-",""
"Horiz. %","226.67%","226.67%","266.67%","280.00%","250.00%","210.00%","140.00%","113.33%","183.33%","236.67%","290.00%","100.00%",""
"Date","AQR","T4Q","28/02/18","24/02/17","29/02/16","26/02/15","28/02/14","27/02/13","29/02/12","25/02/11","23/02/10","26/02/09","-"
"Price","0.7300","0.7300","0.8000","0.9650","0.7150","0.8100","0.5400","0.3150","0.5600","0.6600","0.8500","0.2800","-"
"P/RPS","2.94","2.38","2.60","2.74","1.65","1.64","1.84","1.10","1.45","1.20","1.46","0.56","18.59%"
"YoY %","23.53%","-8.46%","-5.11%","66.06%","0.61%","-10.87%","67.27%","-24.14%","20.83%","-17.81%","160.71%","-",""
"Horiz. %","525.00%","425.00%","464.29%","489.29%","294.64%","292.86%","328.57%","196.43%","258.93%","214.29%","260.71%","100.00%",""
"P/EPS","11.22","14.38","19.69","16.29","11.48","11.36","53.85","-28.00","311.11","8.69","6.61","2.82","24.09%"
"YoY %","-21.97%","-26.97%","20.87%","41.90%","1.06%","-78.90%","292.32%","-109.00%","3,480.09%","31.47%","134.40%","-",""
"Horiz. %","397.87%","509.93%","698.23%","577.66%","407.09%","402.84%","1,909.57%","-992.91%","11,032.27%","308.16%","234.40%","100.00%",""
"EY","8.91","6.95","5.08","6.14","8.71","8.80","1.86","-3.57","0.32","11.51","15.12","35.51","-19.42%"
"YoY %","28.20%","36.81%","-17.26%","-29.51%","-1.02%","373.12%","152.10%","-1,215.62%","-97.22%","-23.88%","-57.42%","-",""
"Horiz. %","25.09%","19.57%","14.31%","17.29%","24.53%","24.78%","5.24%","-10.05%","0.90%","32.41%","42.58%","100.00%",""
"DY","0.00","2.40","2.19","1.55","2.10","1.85","0.00","0.00","0.00","0.00","3.82","0.00","-"
"YoY %","0.00%","9.59%","41.29%","-26.19%","13.51%","0.00%","0.00%","0.00%","0.00%","0.00%","0.00%","-",""
"Horiz. %","0.00%","62.83%","57.33%","40.58%","54.97%","48.43%","0.00%","0.00%","0.00%","0.00%","100.00%","-",""
"P/NAPS","0.73","0.73","0.81","0.83","0.64","0.77","0.55","0.32","0.57","0.67","0.89","0.34","10.12%"
"YoY %","0.00%","-9.88%","-2.41%","29.69%","-16.88%","40.00%","71.88%","-43.86%","-14.93%","-24.72%","161.76%","-",""
"Horiz. %","214.71%","214.71%","238.24%","244.12%","188.24%","226.47%","161.76%","94.12%","167.65%","197.06%","261.76%","100.00%",""

