Column1,AQR,T4Q,31/12/17,31/12/16,31/12/15,31/12/14,31/12/13,31/12/12,31/12/11,31/12/10,31/12/09,31/12/08,CAGR
"Revenue","75,046","76,720","68,784","57,027","65,872","64,574","57,366","64,724","44,923","43,971","67,669","36,306","7.35%"
"YoY %","-2.18%","11.54%","20.62%","-13.43%","2.01%","12.56%","-11.37%","44.08%","2.17%","-35.02%","86.39%","-",""
"Horiz. %","206.70%","211.31%","189.46%","157.07%","181.44%","177.86%","158.01%","178.27%","123.73%","121.11%","186.39%","100.00%",""
"PBT","-13,130","-6,066","-118","1,592","234","-2,933","-3,430","1,288","146","965","-3,541","-8,502","-37.81%"
"YoY %","-116.45%","-5,040.68%","-107.41%","580.34%","107.98%","14.49%","-366.30%","782.19%","-84.87%","127.25%","58.35%","-",""
"Horiz. %","154.43%","71.35%","1.39%","-18.73%","-2.75%","34.50%","40.34%","-15.15%","-1.72%","-11.35%","41.65%","100.00%",""
"Tax","0","-140","-140","0","6","-6","610","-2","-29","-140","0","0","-"
"YoY %","0.00%","0.00%","0.00%","0.00%","200.00%","-100.98%","30,600.00%","93.10%","79.29%","0.00%","0.00%","-",""
"Horiz. %","-0.00%","100.00%","100.00%","-0.00%","-4.29%","4.29%","-435.71%","1.43%","20.71%","100.00%","-","-",""
"NP","-13,130","-6,206","-258","1,592","240","-2,939","-2,820","1,286","117","825","-3,541","-8,502","-32.17%"
"YoY %","-111.57%","-2,305.43%","-116.21%","563.33%","108.17%","-4.22%","-319.28%","999.15%","-85.82%","123.30%","58.35%","-",""
"Horiz. %","154.43%","72.99%","3.03%","-18.73%","-2.82%","34.57%","33.17%","-15.13%","-1.38%","-9.70%","41.65%","100.00%",""
"NP to SH","-13,130","-6,206","-258","1,592","240","-2,939","-2,820","1,286","117","825","-3,541","-8,502","-32.17%"
"YoY %","-111.57%","-2,305.43%","-116.21%","563.33%","108.17%","-4.22%","-319.28%","999.15%","-85.82%","123.30%","58.35%","-",""
"Horiz. %","154.43%","72.99%","3.03%","-18.73%","-2.82%","34.57%","33.17%","-15.13%","-1.38%","-9.70%","41.65%","100.00%",""
"Tax Rate","-     %","-     %","-     %","-     %","-2.56    %","-     %","-     %","0.16    %","19.86    %","14.51    %","-     %","-     %","-"
"YoY %","0.00%","0.00%","0.00%","0.00%","0.00%","0.00%","0.00%","-99.19%","36.87%","0.00%","0.00%","-",""
"Horiz. %","0.00%","0.00%","0.00%","0.00%","-17.64%","0.00%","0.00%","1.10%","136.87%","100.00%","-","-",""
"Total Cost","88,176","82,926","69,042","55,435","65,632","67,513","60,186","63,438","44,806","43,146","71,210","44,808","4.92%"
"YoY %","6.33%","20.11%","24.55%","-15.54%","-2.79%","12.17%","-5.13%","41.58%","3.85%","-39.41%","58.92%","-",""
"Horiz. %","196.79%","185.07%","154.08%","123.72%","146.47%","150.67%","134.32%","141.58%","100.00%","96.29%","158.92%","100.00%",""
"Net Worth","52,388","52,388","59,258","52,329","49,454","49,985","53,013","55,794","55,746","54,508","53,740","57,366","0.36%"
"YoY %","0.00%","-11.59%","13.24%","5.81%","-1.06%","-5.71%","-4.98%","0.08%","2.27%","1.43%","-6.32%","-",""
"Horiz. %","91.32%","91.32%","103.30%","91.22%","86.21%","87.13%","92.41%","97.26%","97.18%","95.02%","93.68%","100.00%",""
"Div","-","0","-","-","-","-","-","-","-","-","-","-","-"
"YoY %","0.00%","0.00%","0.00%","0.00%","0.00%","0.00%","0.00%","0.00%","0.00%","0.00%","0.00%","-",""
"Horiz. %","-","-","-","-","-","-","-","-","-","-","-","-",""
"Div Payout %","-     %","-     %","-     %","-     %","-     %","-     %","-     %","-     %","-     %","-     %","-     %","-     %","-"
"YoY %","0.00%","0.00%","0.00%","0.00%","0.00%","0.00%","0.00%","0.00%","0.00%","0.00%","0.00%","-",""
"Horiz. %","-","-","-","-","-","-","-","-","-","-","-","-",""
"Net Worth","52,388","52,388","59,258","52,329","49,454","49,985","53,013","55,794","55,746","54,508","53,740","57,366","0.36%"
"YoY %","0.00%","-11.59%","13.24%","5.81%","-1.06%","-5.71%","-4.98%","0.08%","2.27%","1.43%","-6.32%","-",""
"Horiz. %","91.32%","91.32%","103.30%","91.22%","86.21%","87.13%","92.41%","97.26%","97.18%","95.02%","93.68%","100.00%",""
"NOSH","85,882","85,882","85,882","73,703","72,727","73,508","73,629","73,413","75,333","73,660","73,617","73,546","1.74%"
"YoY %","0.00%","0.00%","16.52%","1.34%","-1.06%","-0.16%","0.29%","-2.55%","2.27%","0.06%","0.10%","-",""
"Horiz. %","116.77%","116.77%","116.77%","100.21%","98.89%","99.95%","100.11%","99.82%","102.43%","100.16%","100.10%","100.00%",""
"NP Margin","-17.50    %","-8.09    %","-0.38    %","2.79    %","0.36    %","-4.55    %","-4.92    %","1.99    %","0.26    %","1.88    %","-5.23    %","-23.42    %","-36.72%"
"YoY %","-116.32%","-2,028.95%","-113.62%","675.00%","107.91%","7.52%","-347.24%","665.38%","-86.17%","135.95%","77.67%","-",""
"Horiz. %","74.72%","34.54%","1.62%","-11.91%","-1.54%","19.43%","21.01%","-8.50%","-1.11%","-8.03%","22.33%","100.00%",""
"ROE","-25.06    %","-11.85    %","-0.44    %","3.04    %","0.49    %","-5.88    %","-5.32    %","2.30    %","0.21    %","1.51    %","-6.59    %","-14.82    %","-32.33%"
"YoY %","-111.48%","-2,593.18%","-114.47%","520.41%","108.33%","-10.53%","-331.30%","995.24%","-86.09%","122.91%","55.53%","-",""
"Horiz. %","169.10%","79.96%","2.97%","-20.51%","-3.31%","39.68%","35.90%","-15.52%","-1.42%","-10.19%","44.47%","100.00%",""
"RPS","87.38","89.33","80.09","77.37","90.57","87.85","77.91","88.16","59.63","59.69","91.92","49.36","5.52%"
"YoY %","-2.18%","11.54%","3.52%","-14.57%","3.10%","12.76%","-11.63%","47.85%","-0.10%","-35.06%","86.22%","-",""
"Horiz. %","177.03%","180.98%","162.26%","156.75%","183.49%","177.98%","157.84%","178.61%","120.81%","120.93%","186.22%","100.00%",""
"EPS","-15.28","-7.23","-0.30","2.16","0.33","-3.99","-3.83","1.75","0.16","1.12","-4.81","-11.56","-33.33%"
"YoY %","-111.34%","-2,310.00%","-113.89%","554.55%","108.27%","-4.18%","-318.86%","993.75%","-85.71%","123.28%","58.39%","-",""
"Horiz. %","132.18%","62.54%","2.60%","-18.69%","-2.85%","34.52%","33.13%","-15.14%","-1.38%","-9.69%","41.61%","100.00%",""
"DPS","0.00","0.00","0.00","0.00","0.00","0.00","0.00","0.00","0.00","0.00","0.00","0.00","-"
"YoY %","0.00%","0.00%","0.00%","0.00%","0.00%","0.00%","0.00%","0.00%","0.00%","0.00%","0.00%","-",""
"Horiz. %","-","-","-","-","-","-","-","-","-","-","-","-",""
"NAPS","0.6100","0.6100","0.6900","0.7100","0.6800","0.6800","0.7200","0.7600","0.7400","0.7400","0.7300","0.7800","-1.35%"
"YoY %","0.00%","-11.59%","-2.82%","4.41%","0.00%","-5.56%","-5.26%","2.70%","0.00%","1.37%","-6.41%","-",""
"Horiz. %","78.21%","78.21%","88.46%","91.03%","87.18%","87.18%","92.31%","97.44%","94.87%","94.87%","93.59%","100.00%",""
"RPS","87.38","89.33","80.09","66.40","76.70","75.19","66.80","75.36","52.31","51.20","78.79","42.27","7.35%"
"YoY %","-2.18%","11.54%","20.62%","-13.43%","2.01%","12.56%","-11.36%","44.06%","2.17%","-35.02%","86.40%","-",""
"Horiz. %","206.72%","211.33%","189.47%","157.09%","181.45%","177.88%","158.03%","178.28%","123.75%","121.13%","186.40%","100.00%",""
"EPS","-15.28","-7.23","-0.30","1.85","0.28","-3.42","-3.28","1.50","0.14","0.96","-4.12","-9.90","-32.18%"
"YoY %","-111.34%","-2,310.00%","-116.22%","560.71%","108.19%","-4.27%","-318.67%","971.43%","-85.42%","123.30%","58.38%","-",""
"Horiz. %","154.34%","73.03%","3.03%","-18.69%","-2.83%","34.55%","33.13%","-15.15%","-1.41%","-9.70%","41.62%","100.00%",""
"DPS","0.00","0.00","0.00","0.00","0.00","0.00","0.00","0.00","0.00","0.00","0.00","0.00","-"
"YoY %","0.00%","0.00%","0.00%","0.00%","0.00%","0.00%","0.00%","0.00%","0.00%","0.00%","0.00%","-",""
"Horiz. %","-","-","-","-","-","-","-","-","-","-","-","-",""
"NAPS","0.6100","0.6100","0.6900","0.6093","0.5758","0.5820","0.6173","0.6497","0.6491","0.6347","0.6257","0.6680","0.36%"
"YoY %","0.00%","-11.59%","13.24%","5.82%","-1.07%","-5.72%","-4.99%","0.09%","2.27%","1.44%","-6.33%","-",""
"Horiz. %","91.32%","91.32%","103.29%","91.21%","86.20%","87.13%","92.41%","97.26%","97.17%","95.01%","93.67%","100.00%",""
"Date","AQR","T4Q","29/12/17","30/12/16","31/12/15","31/12/14","31/12/13","31/12/12","30/12/11","30/12/10","31/12/09","31/12/08","-"
"Price","0.6700","0.6700","0.5200","0.5900","0.8100","0.8300","0.4650","0.3000","0.3400","0.3800","0.4000","0.3400","-"
"P/RPS","0.77","0.75","0.65","0.76","0.89","0.94","0.60","0.34","0.57","0.64","0.44","0.69","-0.66%"
"YoY %","2.67%","15.38%","-14.47%","-14.61%","-5.32%","56.67%","76.47%","-40.35%","-10.94%","45.45%","-36.23%","-",""
"Horiz. %","111.59%","108.70%","94.20%","110.14%","128.99%","136.23%","86.96%","49.28%","82.61%","92.75%","63.77%","100.00%",""
"P/EPS","-4.38","-9.27","-173.10","27.31","245.45","-20.76","-12.14","17.13","218.92","33.93","-8.32","-2.94","57.23%"
"YoY %","52.75%","94.64%","-733.83%","-88.87%","1,282.32%","-71.00%","-170.87%","-92.18%","545.21%","507.81%","-182.99%","-",""
"Horiz. %","148.98%","315.31%","5,887.76%","-928.91%","-8,348.64%","706.12%","412.93%","-582.65%","-7,446.26%","-1,154.08%","282.99%","100.00%",""
"EY","-22.82","-10.79","-0.58","3.66","0.41","-4.82","-8.24","5.84","0.46","2.95","-12.03","-34.00","-36.37%"
"YoY %","-111.49%","-1,760.34%","-115.85%","792.68%","108.51%","41.50%","-241.10%","1,169.57%","-84.41%","124.52%","64.62%","-",""
"Horiz. %","67.12%","31.74%","1.71%","-10.76%","-1.21%","14.18%","24.24%","-17.18%","-1.35%","-8.68%","35.38%","100.00%",""
"DY","0.00","0.00","0.00","0.00","0.00","0.00","0.00","0.00","0.00","0.00","0.00","0.00","-"
"YoY %","0.00%","0.00%","0.00%","0.00%","0.00%","0.00%","0.00%","0.00%","0.00%","0.00%","0.00%","-",""
"Horiz. %","-","-","-","-","-","-","-","-","-","-","-","-",""
"P/NAPS","1.10","1.10","0.75","0.83","1.19","1.22","0.65","0.39","0.46","0.51","0.55","0.44","6.10%"
"YoY %","0.00%","46.67%","-9.64%","-30.25%","-2.46%","87.69%","66.67%","-15.22%","-9.80%","-7.27%","25.00%","-",""
"Horiz. %","250.00%","250.00%","170.45%","188.64%","270.45%","277.27%","147.73%","88.64%","104.55%","115.91%","125.00%","100.00%",""
"Date","AQR","T4Q","28/02/18","-","26/02/16","27/02/15","28/02/14","27/02/13","27/02/12","25/02/11","24/02/10","26/02/09","-"
"Price","0.5950","0.5950","0.6200","0.5600","0.8600","0.8600","0.4750","0.2800","0.3700","0.4250","0.4000","0.2800","-"
"P/RPS","0.68","0.67","0.77","0.72","0.95","0.98","0.61","0.32","0.62","0.71","0.44","0.57","3.40%"
"YoY %","1.49%","-12.99%","6.94%","-24.21%","-3.06%","60.66%","90.63%","-48.39%","-12.68%","61.36%","-22.81%","-",""
"Horiz. %","119.30%","117.54%","135.09%","126.32%","166.67%","171.93%","107.02%","56.14%","108.77%","124.56%","77.19%","100.00%",""
"P/EPS","-3.89","-8.23","-206.38","25.93","260.61","-21.51","-12.40","15.98","238.23","37.95","-8.32","-2.42","63.84%"
"YoY %","52.73%","96.01%","-895.91%","-90.05%","1,311.58%","-73.47%","-177.60%","-93.29%","527.75%","556.13%","-243.80%","-",""
"Horiz. %","160.74%","340.08%","8,528.10%","-1,071.49%","-10,769.01%","888.84%","512.40%","-660.33%","-9,844.21%","-1,568.18%","343.80%","100.00%",""
"EY","-25.69","-12.14","-0.48","3.86","0.38","-4.65","-8.06","6.26","0.42","2.64","-12.03","-41.29","-39.02%"
"YoY %","-111.61%","-2,429.17%","-112.44%","915.79%","108.17%","42.31%","-228.75%","1,390.48%","-84.09%","121.95%","70.86%","-",""
"Horiz. %","62.22%","29.40%","1.16%","-9.35%","-0.92%","11.26%","19.52%","-15.16%","-1.02%","-6.39%","29.14%","100.00%",""
"DY","0.00","0.00","0.00","0.00","0.00","0.00","0.00","0.00","0.00","0.00","0.00","0.00","-"
"YoY %","0.00%","0.00%","0.00%","0.00%","0.00%","0.00%","0.00%","0.00%","0.00%","0.00%","0.00%","-",""
"Horiz. %","-","-","-","-","-","-","-","-","-","-","-","-",""
"P/NAPS","0.98","0.98","0.90","0.79","1.26","1.26","0.66","0.37","0.50","0.57","0.55","0.36","10.71%"
"YoY %","0.00%","8.89%","13.92%","-37.30%","0.00%","90.91%","78.38%","-26.00%","-12.28%","3.64%","52.78%","-",""
"Horiz. %","272.22%","272.22%","250.00%","219.44%","350.00%","350.00%","183.33%","102.78%","138.89%","158.33%","152.78%","100.00%",""

