Column1,AQR,T4Q,30/06/17,30/06/16,30/04/16,30/04/15,31/12/14,31/12/13,31/12/12,31/12/11,31/12/10,31/12/09,CAGR
"Revenue","6,192","11,732","17,370","48,352","47,408","0","59,759","32,242","28,253","15,163","11,099","10,321","7.19%"
"YoY %","-47.22%","-32.46%","-64.08%","1.99%","0.00%","0.00%","85.35%","14.12%","86.33%","36.62%","7.54%","-",""
"Horiz. %","59.99%","113.67%","168.30%","468.48%","459.34%","0.00%","579.00%","312.39%","273.74%","146.91%","107.54%","100.00%",""
"PBT","-5,285","-4,165","-3,806","10,961","12,871","0","26,269","1,133","2,994","2,503","6,677","774","-"
"YoY %","-26.90%","-9.43%","-134.72%","-14.84%","0.00%","0.00%","2,218.53%","-62.16%","19.62%","-62.51%","762.66%","-",""
"Horiz. %","-682.86%","-538.11%","-491.73%","1,416.15%","1,662.92%","0.00%","3,393.93%","146.38%","386.82%","323.39%","862.66%","100.00%",""
"Tax","109","-74","13","-3,261","-3,631","0","-4,587","-512","-948","-140","-37","-61","-"
"YoY %","247.75%","-669.23%","100.40%","10.19%","0.00%","0.00%","-795.90%","45.99%","-577.14%","-278.38%","39.34%","-",""
"Horiz. %","-179.23%","121.31%","-21.31%","5,345.90%","5,952.46%","-0.00%","7,519.67%","839.34%","1,554.10%","229.51%","60.66%","100.00%",""
"NP","-5,176","-4,239","-3,793","7,700","9,240","0","21,682","621","2,046","2,363","6,640","713","-"
"YoY %","-22.10%","-11.76%","-149.26%","-16.67%","0.00%","0.00%","3,391.47%","-69.65%","-13.42%","-64.41%","831.28%","-",""
"Horiz. %","-725.95%","-594.53%","-531.98%","1,079.94%","1,295.93%","0.00%","3,040.95%","87.10%","286.96%","331.42%","931.28%","100.00%",""
"NP to SH","-5,172","-4,235","-3,789","7,703","9,243","0","21,685","623","2,050","2,364","6,642","714","-"
"YoY %","-22.13%","-11.77%","-149.19%","-16.66%","0.00%","0.00%","3,380.74%","-69.61%","-13.28%","-64.41%","830.25%","-",""
"Horiz. %","-724.37%","-593.14%","-530.67%","1,078.85%","1,294.54%","0.00%","3,037.11%","87.25%","287.11%","331.09%","930.25%","100.00%",""
"Tax Rate","-     %","-     %","-     %","29.75    %","28.21    %","-     %","17.46    %","45.19    %","31.66    %","5.59    %","0.55    %","7.88    %","-"
"YoY %","0.00%","0.00%","0.00%","5.46%","0.00%","0.00%","-61.36%","42.74%","466.37%","916.36%","-93.02%","-",""
"Horiz. %","0.00%","0.00%","0.00%","377.54%","357.99%","0.00%","221.57%","573.48%","401.78%","70.94%","6.98%","100.00%",""
"Total Cost","11,368","15,971","21,163","40,652","38,168","0","38,077","31,621","26,207","12,800","4,459","9,608","11.10%"
"YoY %","-28.82%","-24.53%","-47.94%","6.51%","0.00%","0.00%","20.42%","20.66%","104.74%","187.06%","-53.59%","-",""
"Horiz. %","118.32%","166.23%","220.26%","423.11%","397.25%","0.00%","396.31%","329.11%","272.76%","133.22%","46.41%","100.00%",""
"Net Worth","68,831","68,831","72,780","73,599","76,729","66,267","63,802","42,237","41,677","39,539","36,379","30,122","12.48%"
"YoY %","0.00%","-5.43%","-1.11%","-4.08%","15.79%","3.86%","51.06%","1.34%","5.41%","8.69%","20.77%","-",""
"Horiz. %","228.51%","228.51%","241.62%","244.33%","254.73%","219.99%","211.81%","140.22%","138.36%","131.26%","120.77%","100.00%",""
"Div","-","0","-","-","-","-","-","-","-","-","-","-","-"
"YoY %","0.00%","0.00%","0.00%","0.00%","0.00%","0.00%","0.00%","0.00%","0.00%","0.00%","0.00%","-",""
"Horiz. %","-","-","-","-","-","-","-","-","-","-","-","-",""
"Div Payout %","-     %","-     %","-     %","-     %","-     %","-     %","-     %","-     %","-     %","-     %","-     %","-     %","-"
"YoY %","0.00%","0.00%","0.00%","0.00%","0.00%","0.00%","0.00%","0.00%","0.00%","0.00%","0.00%","-",""
"Horiz. %","-","-","-","-","-","-","-","-","-","-","-","-",""
"Net Worth","68,831","68,831","72,780","73,599","76,729","66,267","63,802","42,237","41,677","39,539","36,379","30,122","12.48%"
"YoY %","0.00%","-5.43%","-1.11%","-4.08%","15.79%","3.86%","51.06%","1.34%","5.41%","8.69%","20.77%","-",""
"Horiz. %","228.51%","228.51%","241.62%","244.33%","254.73%","219.99%","211.81%","140.22%","138.36%","131.26%","120.77%","100.00%",""
"NOSH","56,419","56,419","56,419","56,386","56,419","54,766","52,729","52,796","52,756","52,719","52,723","52,846","0.88%"
"YoY %","0.00%","0.00%","0.06%","-0.06%","3.02%","3.86%","-0.13%","0.08%","0.07%","-0.01%","-0.23%","-",""
"Horiz. %","106.76%","106.76%","106.76%","106.70%","106.76%","103.63%","99.78%","99.91%","99.83%","99.76%","99.77%","100.00%",""
"NP Margin","-83.59    %","-36.13    %","-21.84    %","15.92    %","19.49    %","-     %","36.28    %","1.93    %","7.24    %","15.58    %","59.83    %","6.91    %","-"
"YoY %","-131.36%","-65.43%","-237.19%","-18.32%","0.00%","0.00%","1,779.79%","-73.34%","-53.53%","-73.96%","765.85%","-",""
"Horiz. %","-1,209.70%","-522.87%","-316.06%","230.39%","282.05%","0.00%","525.04%","27.93%","104.78%","225.47%","865.85%","100.00%",""
"ROE","-7.51    %","-6.15    %","-5.21    %","10.47    %","12.05    %","-     %","33.99    %","1.47    %","4.92    %","5.98    %","18.26    %","2.37    %","-"
"YoY %","-22.11%","-18.04%","-149.76%","-13.11%","0.00%","0.00%","2,212.24%","-70.12%","-17.73%","-67.25%","670.46%","-",""
"Horiz. %","-316.88%","-259.49%","-219.83%","441.77%","508.44%","0.00%","1,434.18%","62.03%","207.59%","252.32%","770.46%","100.00%",""
"RPS","10.98","20.79","30.79","87.38","84.03","-","113.33","61.07","53.55","28.76","21.05","19.53","6.26%"
"YoY %","-47.19%","-32.48%","-64.76%","3.99%","0.00%","0.00%","85.57%","14.04%","86.20%","36.63%","7.78%","-",""
"Horiz. %","56.22%","106.45%","157.65%","447.41%","430.26%","0.00%","580.29%","312.70%","274.19%","147.26%","107.78%","100.00%",""
"EPS","-9.17","-7.51","-6.72","13.92","16.75","0.00","41.13","1.18","3.89","4.48","12.60","1.35","-"
"YoY %","-22.10%","-11.76%","-148.28%","-16.90%","0.00%","0.00%","3,385.59%","-69.67%","-13.17%","-64.44%","833.33%","-",""
"Horiz. %","-679.26%","-556.30%","-497.78%","1,031.11%","1,240.74%","0.00%","3,046.67%","87.41%","288.15%","331.85%","933.33%","100.00%",""
"DPS","0.00","0.00","0.00","0.00","0.00","0.00","0.00","0.00","0.00","0.00","0.00","0.00","-"
"YoY %","0.00%","0.00%","0.00%","0.00%","0.00%","0.00%","0.00%","0.00%","0.00%","0.00%","0.00%","-",""
"Horiz. %","-","-","-","-","-","-","-","-","-","-","-","-",""
"NAPS","1.2200","1.2200","1.2900","1.3300","1.3600","1.2100","1.2100","0.8000","0.7900","0.7500","0.6900","0.5700","11.50%"
"YoY %","0.00%","-5.43%","-3.01%","-2.21%","12.40%","0.00%","51.25%","1.27%","5.33%","8.70%","21.05%","-",""
"Horiz. %","214.04%","214.04%","226.32%","233.33%","238.60%","212.28%","212.28%","140.35%","138.60%","131.58%","121.05%","100.00%",""
"RPS","10.98","20.79","30.79","85.70","84.03","-","105.92","57.15","50.08","26.88","19.67","18.29","7.19%"
"YoY %","-47.19%","-32.48%","-64.07%","1.99%","0.00%","0.00%","85.34%","14.12%","86.31%","36.65%","7.55%","-",""
"Horiz. %","60.03%","113.67%","168.34%","468.56%","459.43%","0.00%","579.11%","312.47%","273.81%","146.97%","107.55%","100.00%",""
"EPS","-9.17","-7.51","-6.72","13.65","16.75","0.00","38.44","1.10","3.63","4.19","11.77","1.27","-"
"YoY %","-22.10%","-11.76%","-149.23%","-18.51%","0.00%","0.00%","3,394.55%","-69.70%","-13.37%","-64.40%","826.77%","-",""
"Horiz. %","-722.05%","-591.34%","-529.13%","1,074.80%","1,318.90%","0.00%","3,026.77%","86.61%","285.83%","329.92%","926.77%","100.00%",""
"DPS","0.00","0.00","0.00","0.00","0.00","0.00","0.00","0.00","0.00","0.00","0.00","0.00","-"
"YoY %","0.00%","0.00%","0.00%","0.00%","0.00%","0.00%","0.00%","0.00%","0.00%","0.00%","0.00%","-",""
"Horiz. %","-","-","-","-","-","-","-","-","-","-","-","-",""
"NAPS","1.2200","1.2200","1.2900","1.3045","1.3600","1.1746","1.1309","0.7486","0.7387","0.7008","0.6448","0.5339","12.48%"
"YoY %","0.00%","-5.43%","-1.11%","-4.08%","15.78%","3.86%","51.07%","1.34%","5.41%","8.68%","20.77%","-",""
"Horiz. %","228.51%","228.51%","241.62%","244.33%","254.73%","220.00%","211.82%","140.21%","138.36%","131.26%","120.77%","100.00%",""
"Date","AQR","T4Q","30/06/17","30/06/16","29/04/16","30/04/15","31/12/14","31/12/13","31/12/12","30/12/11","30/12/10","31/12/09","-"
"Price","0.5800","0.5800","0.6600","0.7700","0.8500","1.3000","1.3500","0.3600","0.2600","0.3300","0.1700","0.1400","-"
"P/RPS","5.28","2.79","2.14","0.00","1.01","0.00","1.19","0.59","0.49","1.15","0.81","0.72","15.63%"
"YoY %","89.25%","30.37%","0.00%","0.00%","0.00%","0.00%","101.69%","20.41%","-57.39%","41.98%","12.50%","-",""
"Horiz. %","733.33%","387.50%","297.22%","0.00%","140.28%","0.00%","165.28%","81.94%","68.06%","159.72%","112.50%","100.00%",""
"P/EPS","-6.33","-7.73","-9.83","0.00","5.19","0.00","3.28","30.51","6.69","7.36","1.35","10.36","-"
"YoY %","18.11%","21.36%","0.00%","0.00%","0.00%","0.00%","-89.25%","356.05%","-9.10%","445.19%","-86.97%","-",""
"Horiz. %","-61.10%","-74.61%","-94.88%","0.00%","50.10%","0.00%","31.66%","294.50%","64.58%","71.04%","13.03%","100.00%",""
"EY","-15.81","-12.94","-10.18","0.00","19.27","0.00","30.46","3.28","14.95","13.59","74.10","9.65","-"
"YoY %","-22.18%","-27.11%","0.00%","0.00%","0.00%","0.00%","828.66%","-78.06%","10.01%","-81.66%","667.88%","-",""
"Horiz. %","-163.83%","-134.09%","-105.49%","0.00%","199.69%","0.00%","315.65%","33.99%","154.92%","140.83%","767.88%","100.00%",""
"DY","0.00","0.00","0.00","0.00","0.00","0.00","0.00","0.00","0.00","0.00","0.00","0.00","-"
"YoY %","0.00%","0.00%","0.00%","0.00%","0.00%","0.00%","0.00%","0.00%","0.00%","0.00%","0.00%","-",""
"Horiz. %","-","-","-","-","-","-","-","-","-","-","-","-",""
"P/NAPS","0.48","0.48","0.51","0.58","0.63","1.07","1.12","0.45","0.33","0.44","0.25","0.25","9.97%"
"YoY %","0.00%","-5.88%","-12.07%","-7.94%","-41.12%","-4.46%","148.89%","36.36%","-25.00%","76.00%","0.00%","-",""
"Horiz. %","192.00%","192.00%","204.00%","232.00%","252.00%","428.00%","448.00%","180.00%","132.00%","176.00%","100.00%","100.00%",""
"Date","AQR","T4Q","30/08/17","15/12/16","29/06/16","29/02/16","27/02/15","28/02/14","28/02/13","29/02/12","28/02/11","24/02/10","-"
"Price","0.5400","0.5400","0.6000","0.7800","0.7700","0.9150","1.5100","0.4600","0.2100","0.3800","0.4000","0.2300","-"
"P/RPS","4.92","2.60","1.95","0.00","0.92","0.00","1.33","0.75","0.39","1.32","1.90","1.18","6.93%"
"YoY %","89.23%","33.33%","0.00%","0.00%","0.00%","0.00%","77.33%","92.31%","-70.45%","-30.53%","61.02%","-",""
"Horiz. %","416.95%","220.34%","165.25%","0.00%","77.97%","0.00%","112.71%","63.56%","33.05%","111.86%","161.02%","100.00%",""
"P/EPS","-5.89","-7.19","-8.93","0.00","4.70","0.00","3.67","38.98","5.40","8.47","3.18","17.02","-"
"YoY %","18.08%","19.48%","0.00%","0.00%","0.00%","0.00%","-90.58%","621.85%","-36.25%","166.35%","-81.32%","-",""
"Horiz. %","-34.61%","-42.24%","-52.47%","0.00%","27.61%","0.00%","21.56%","229.02%","31.73%","49.76%","18.68%","100.00%",""
"EY","-16.98","-13.90","-11.19","0.00","21.28","0.00","27.23","2.57","18.50","11.80","31.49","5.87","-"
"YoY %","-22.16%","-24.22%","0.00%","0.00%","0.00%","0.00%","959.53%","-86.11%","56.78%","-62.53%","436.46%","-",""
"Horiz. %","-289.27%","-236.80%","-190.63%","0.00%","362.52%","0.00%","463.88%","43.78%","315.16%","201.02%","536.46%","100.00%",""
"DY","0.00","0.00","0.00","0.00","0.00","0.00","0.00","0.00","0.00","0.00","0.00","0.00","-"
"YoY %","0.00%","0.00%","0.00%","0.00%","0.00%","0.00%","0.00%","0.00%","0.00%","0.00%","0.00%","-",""
"Horiz. %","-","-","-","-","-","-","-","-","-","-","-","-",""
"P/NAPS","0.44","0.44","0.47","0.59","0.57","0.76","1.25","0.58","0.27","0.51","0.58","0.40","2.17%"
"YoY %","0.00%","-6.38%","-20.34%","3.51%","-25.00%","-39.20%","115.52%","114.81%","-47.06%","-12.07%","45.00%","-",""
"Horiz. %","110.00%","110.00%","117.50%","147.50%","142.50%","190.00%","312.50%","145.00%","67.50%","127.50%","145.00%","100.00%",""

