Column1,AQR,T4Q,31/03/18,31/03/17,31/03/16,31/03/15,31/03/14,31/03/13,31/03/12,31/03/11,31/03/10,31/03/09,CAGR
"Revenue","47,688","71,383","76,278","71,386","34,413","59,973","90,754","76,938","148,157","123,379","63,118","17,116","18.05%"
"YoY %","-33.19%","-6.42%","6.85%","107.44%","-42.62%","-33.92%","17.96%","-48.07%","20.08%","95.47%","268.77%","-",""
"Horiz. %","278.62%","417.05%","445.65%","417.07%","201.06%","350.39%","530.23%","449.51%","865.61%","720.84%","368.77%","100.00%",""
"PBT","-23,500","-10,184","-5,102","-11,691","-20,614","-1,649","30,333","9,573","19,886","17,737","6,842","-5,982","-1.75%"
"YoY %","-130.75%","-99.61%","56.36%","43.29%","-1,150.09%","-105.44%","216.86%","-51.86%","12.12%","159.24%","214.38%","-",""
"Horiz. %","392.85%","170.24%","85.29%","195.44%","344.60%","27.57%","-507.07%","-160.03%","-332.43%","-296.51%","-114.38%","100.00%",""
"Tax","4,652","1,580","-136","204","1,209","-2,330","-7,760","-3,447","-5,747","-6,321","7,190","871","-"
"YoY %","194.43%","1,261.76%","-166.67%","-83.13%","151.89%","69.97%","-125.12%","40.02%","9.08%","-187.91%","725.49%","-",""
"Horiz. %","534.10%","181.40%","-15.61%","23.42%","138.81%","-267.51%","-890.93%","-395.75%","-659.82%","-725.72%","825.49%","100.00%",""
"NP","-18,848","-8,604","-5,238","-11,487","-19,405","-3,979","22,573","6,126","14,139","11,416","14,032","-5,111","0.27%"
"YoY %","-119.06%","-64.26%","54.40%","40.80%","-387.69%","-117.63%","268.48%","-56.67%","23.85%","-18.64%","374.55%","-",""
"Horiz. %","368.77%","168.34%","102.48%","224.75%","379.67%","77.85%","-441.66%","-119.86%","-276.64%","-223.36%","-274.55%","100.00%",""
"NP to SH","-12,760","-6,478","-3,916","-8,285","-12,578","-3,649","19,920","6,530","11,605","10,054","12,550","-4,168","-0.69%"
"YoY %","-96.97%","-65.42%","52.73%","34.13%","-244.70%","-118.32%","205.05%","-43.73%","15.43%","-19.89%","401.10%","-",""
"Horiz. %","306.14%","155.42%","93.95%","198.78%","301.78%","87.55%","-477.93%","-156.67%","-278.43%","-241.22%","-301.10%","100.00%",""
"Tax Rate","-     %","-     %","-     %","-     %","-     %","-     %","25.58    %","36.01    %","28.90    %","35.64    %","-105.09    %","-     %","-"
"YoY %","0.00%","0.00%","0.00%","0.00%","0.00%","0.00%","-28.96%","24.60%","-18.91%","133.91%","0.00%","-",""
"Horiz. %","0.00%","0.00%","0.00%","0.00%","0.00%","0.00%","-24.34%","-34.27%","-27.50%","-33.91%","100.00%","-",""
"Total Cost","66,536","79,987","81,516","82,873","53,818","63,952","68,181","70,812","134,018","111,963","49,086","22,227","15.52%"
"YoY %","-16.82%","-1.88%","-1.64%","53.99%","-15.85%","-6.20%","-3.72%","-47.16%","19.70%","128.10%","120.84%","-",""
"Horiz. %","299.35%","359.86%","366.74%","372.85%","242.13%","287.72%","306.75%","318.59%","602.95%","503.73%","220.84%","100.00%",""
"Net Worth","187,591","187,591","369,726","401,594","411,512","432,322","420,299","110,163","103,496","91,777","81,749","68,859","20.52%"
"YoY %","0.00%","-49.26%","-7.94%","-2.41%","-4.81%","2.86%","281.52%","6.44%","12.77%","12.27%","18.72%","-",""
"Horiz. %","272.43%","272.43%","536.93%","583.21%","597.62%","627.84%","610.38%","159.98%","150.30%","133.28%","118.72%","100.00%",""
"Div","-","0","-","-","-","-","-","-","-","-","-","-","-"
"YoY %","0.00%","0.00%","0.00%","0.00%","0.00%","0.00%","0.00%","0.00%","0.00%","0.00%","0.00%","-",""
"Horiz. %","-","-","-","-","-","-","-","-","-","-","-","-",""
"Div Payout %","-     %","-     %","-     %","-     %","-     %","-     %","-     %","-     %","-     %","-     %","-     %","-     %","-"
"YoY %","0.00%","0.00%","0.00%","0.00%","0.00%","0.00%","0.00%","0.00%","0.00%","0.00%","0.00%","-",""
"Horiz. %","-","-","-","-","-","-","-","-","-","-","-","-",""
"Net Worth","187,591","187,591","369,726","401,594","411,512","432,322","420,299","110,163","103,496","91,777","81,749","68,859","20.52%"
"YoY %","0.00%","-49.26%","-7.94%","-2.41%","-4.81%","2.86%","281.52%","6.44%","12.77%","12.27%","18.72%","-",""
"Horiz. %","272.43%","272.43%","536.93%","583.21%","597.62%","627.84%","610.38%","159.98%","150.30%","133.28%","118.72%","100.00%",""
"NOSH","326,700","326,700","326,700","326,181","326,701","326,700","326,700","326,700","326,901","326,493","327,128","325,729","0.03%"
"YoY %","0.00%","0.00%","0.16%","-0.16%","0.00%","0.00%","0.00%","-0.06%","0.12%","-0.19%","0.43%","-",""
"Horiz. %","100.30%","100.30%","100.30%","100.14%","100.30%","100.30%","100.30%","100.30%","100.36%","100.23%","100.43%","100.00%",""
"NP Margin","-39.52    %","-12.05    %","-6.87    %","-16.09    %","-56.39    %","-6.63    %","24.87    %","7.96    %","9.54    %","9.25    %","22.23    %","-29.86    %","-15.05%"
"YoY %","-227.97%","-75.40%","57.30%","71.47%","-750.53%","-126.66%","212.44%","-16.56%","3.14%","-58.39%","174.45%","-",""
"Horiz. %","132.35%","40.35%","23.01%","53.88%","188.85%","22.20%","-83.29%","-26.66%","-31.95%","-30.98%","-74.45%","100.00%",""
"ROE","-6.80    %","-3.45    %","-1.06    %","-2.06    %","-3.06    %","-0.84    %","4.74    %","5.93    %","11.21    %","10.95    %","15.35    %","-6.05    %","-17.59%"
"YoY %","-97.10%","-225.47%","48.54%","32.68%","-264.29%","-117.72%","-20.07%","-47.10%","2.37%","-28.66%","353.72%","-",""
"Horiz. %","112.40%","57.02%","17.52%","34.05%","50.58%","13.88%","-78.35%","-98.02%","-185.29%","-180.99%","-253.72%","100.00%",""
"RPS","14.60","21.85","23.35","21.89","10.53","18.36","27.78","23.55","45.32","37.79","19.29","5.25","18.02%"
"YoY %","-33.18%","-6.42%","6.67%","107.88%","-42.65%","-33.91%","17.96%","-48.04%","19.93%","95.90%","267.43%","-",""
"Horiz. %","278.10%","416.19%","444.76%","416.95%","200.57%","349.71%","529.14%","448.57%","863.24%","719.81%","367.43%","100.00%",""
"EPS","-3.92","-1.98","-1.20","-2.54","-3.85","-1.12","6.10","2.00","3.55","3.08","3.84","-1.28","-0.71%"
"YoY %","-97.98%","-65.00%","52.76%","34.03%","-243.75%","-118.36%","205.00%","-43.66%","15.26%","-19.79%","400.00%","-",""
"Horiz. %","306.25%","154.69%","93.75%","198.44%","300.78%","87.50%","-476.56%","-156.25%","-277.34%","-240.62%","-300.00%","100.00%",""
"DPS","0.00","0.00","0.00","0.00","0.00","0.00","0.00","0.00","0.00","0.00","0.00","0.00","-"
"YoY %","0.00%","0.00%","0.00%","0.00%","0.00%","0.00%","0.00%","0.00%","0.00%","0.00%","0.00%","-",""
"Horiz. %","-","-","-","-","-","-","-","-","-","-","-","-",""
"NAPS","0.5742","0.5742","1.1317","1.2312","1.2596","1.3233","1.2865","0.3372","0.3166","0.2811","0.2499","0.2114","20.48%"
"YoY %","0.00%","-49.26%","-8.08%","-2.25%","-4.81%","2.86%","281.52%","6.51%","12.63%","12.48%","18.21%","-",""
"Horiz. %","271.62%","271.62%","535.34%","582.40%","595.84%","625.97%","608.56%","159.51%","149.76%","132.97%","118.21%","100.00%",""
"RPS","14.60","21.85","23.35","21.85","10.53","18.36","27.78","23.55","45.35","37.77","19.32","5.24","18.05%"
"YoY %","-33.18%","-6.42%","6.86%","107.50%","-42.65%","-33.91%","17.96%","-48.07%","20.07%","95.50%","268.70%","-",""
"Horiz. %","278.63%","416.98%","445.61%","416.98%","200.95%","350.38%","530.15%","449.43%","865.46%","720.80%","368.70%","100.00%",""
"EPS","-3.92","-1.98","-1.20","-2.54","-3.85","-1.12","6.10","2.00","3.55","3.08","3.84","-1.28","-0.71%"
"YoY %","-97.98%","-65.00%","52.76%","34.03%","-243.75%","-118.36%","205.00%","-43.66%","15.26%","-19.79%","400.00%","-",""
"Horiz. %","306.25%","154.69%","93.75%","198.44%","300.78%","87.50%","-476.56%","-156.25%","-277.34%","-240.62%","-300.00%","100.00%",""
"DPS","0.00","0.00","0.00","0.00","0.00","0.00","0.00","0.00","0.00","0.00","0.00","0.00","-"
"YoY %","0.00%","0.00%","0.00%","0.00%","0.00%","0.00%","0.00%","0.00%","0.00%","0.00%","0.00%","-",""
"Horiz. %","-","-","-","-","-","-","-","-","-","-","-","-",""
"NAPS","0.5742","0.5742","1.1317","1.2292","1.2596","1.3233","1.2865","0.3372","0.3168","0.2809","0.2502","0.2108","20.52%"
"YoY %","0.00%","-49.26%","-7.93%","-2.41%","-4.81%","2.86%","281.52%","6.44%","12.78%","12.27%","18.69%","-",""
"Horiz. %","272.39%","272.39%","536.86%","583.11%","597.53%","627.75%","610.29%","159.96%","150.28%","133.25%","118.69%","100.00%",""
"Date","AQR","T4Q","30/03/18","31/03/17","31/03/16","31/03/15","31/03/14","29/03/13","30/03/12","31/03/11","31/03/10","31/03/09","-"
"Price","0.7200","0.7200","0.8500","1.0700","1.0300","0.9800","1.4800","1.2300","1.1000","1.4600","1.3400","0.6000","-"
"P/RPS","4.93","3.30","3.64","4.89","9.78","5.34","5.33","5.22","2.43","3.86","6.94","11.42","-11.92%"
"YoY %","49.39%","-9.34%","-25.56%","-50.00%","83.15%","0.19%","2.11%","114.81%","-37.05%","-44.38%","-39.23%","-",""
"Horiz. %","43.17%","28.90%","31.87%","42.82%","85.64%","46.76%","46.67%","45.71%","21.28%","33.80%","60.77%","100.00%",""
"P/EPS","-18.43","-36.31","-70.91","-42.13","-26.75","-87.74","24.27","61.54","30.99","47.41","34.93","-46.89","4.70%"
"YoY %","49.24%","48.79%","-68.31%","-57.50%","69.51%","-461.52%","-60.56%","98.58%","-34.63%","35.73%","174.49%","-",""
"Horiz. %","39.30%","77.44%","151.23%","89.85%","57.05%","187.12%","-51.76%","-131.24%","-66.09%","-101.11%","-74.49%","100.00%",""
"EY","-5.42","-2.75","-1.41","-2.37","-3.74","-1.14","4.12","1.63","3.23","2.11","2.86","-2.13","-4.48%"
"YoY %","-97.09%","-95.04%","40.51%","36.63%","-228.07%","-127.67%","152.76%","-49.54%","53.08%","-26.22%","234.27%","-",""
"Horiz. %","254.46%","129.11%","66.20%","111.27%","175.59%","53.52%","-193.43%","-76.53%","-151.64%","-99.06%","-134.27%","100.00%",""
"DY","0.00","0.00","0.00","0.00","0.00","0.00","0.00","0.00","0.00","0.00","0.00","0.00","-"
"YoY %","0.00%","0.00%","0.00%","0.00%","0.00%","0.00%","0.00%","0.00%","0.00%","0.00%","0.00%","-",""
"Horiz. %","-","-","-","-","-","-","-","-","-","-","-","-",""
"P/NAPS","1.25","1.25","0.75","0.87","0.82","0.74","1.15","3.65","3.47","5.19","5.36","2.84","-13.74%"
"YoY %","0.00%","66.67%","-13.79%","6.10%","10.81%","-35.65%","-68.49%","5.19%","-33.14%","-3.17%","88.73%","-",""
"Horiz. %","44.01%","44.01%","26.41%","30.63%","28.87%","26.06%","40.49%","128.52%","122.18%","182.75%","188.73%","100.00%",""
"Date","AQR","T4Q","31/05/18","07/06/17","02/06/16","27/05/15","30/05/14","31/05/13","30/05/12","30/05/11","27/05/10","28/05/09","-"
"Price","1.1200","1.1200","0.7200","1.1700","0.9850","1.1600","1.4300","1.3800","1.1000","1.3000","1.2200","0.8000","-"
"P/RPS","7.67","5.13","3.08","5.35","9.35","6.32","5.15","5.86","2.43","3.44","6.32","15.22","-16.26%"
"YoY %","49.51%","66.56%","-42.43%","-42.78%","47.94%","22.72%","-12.12%","141.15%","-29.36%","-45.57%","-58.48%","-",""
"Horiz. %","50.39%","33.71%","20.24%","35.15%","61.43%","41.52%","33.84%","38.50%","15.97%","22.60%","41.52%","100.00%",""
"P/EPS","-28.68","-56.48","-60.07","-46.06","-25.58","-103.86","23.45","69.04","30.99","42.22","31.80","-62.52","-0.44%"
"YoY %","49.22%","5.98%","-30.42%","-80.06%","75.37%","-542.90%","-66.03%","122.78%","-26.60%","32.77%","150.86%","-",""
"Horiz. %","45.87%","90.34%","96.08%","73.67%","40.91%","166.12%","-37.51%","-110.43%","-49.57%","-67.53%","-50.86%","100.00%",""
"EY","-3.49","-1.77","-1.66","-2.17","-3.91","-0.96","4.26","1.45","3.23","2.37","3.14","-1.60","0.41%"
"YoY %","-97.18%","-6.63%","23.50%","44.50%","-307.29%","-122.54%","193.79%","-55.11%","36.29%","-24.52%","296.25%","-",""
"Horiz. %","218.12%","110.62%","103.75%","135.62%","244.37%","60.00%","-266.25%","-90.62%","-201.88%","-148.12%","-196.25%","100.00%",""
"DY","0.00","0.00","0.00","0.00","0.00","0.00","0.00","0.00","0.00","0.00","0.00","0.00","-"
"YoY %","0.00%","0.00%","0.00%","0.00%","0.00%","0.00%","0.00%","0.00%","0.00%","0.00%","0.00%","-",""
"Horiz. %","-","-","-","-","-","-","-","-","-","-","-","-",""
"P/NAPS","1.95","1.95","0.64","0.95","0.78","0.88","1.11","4.09","3.47","4.62","4.88","3.78","-17.90%"
"YoY %","0.00%","204.69%","-32.63%","21.79%","-11.36%","-20.72%","-72.86%","17.87%","-24.89%","-5.33%","29.10%","-",""
"Horiz. %","51.59%","51.59%","16.93%","25.13%","20.63%","23.28%","29.37%","108.20%","91.80%","122.22%","129.10%","100.00%",""

