Column1,AQR,T4Q,31/03/19,31/03/18,31/03/17,31/03/16,31/03/15,31/03/14,31/03/13,31/03/12,31/03/11,31/03/10,CAGR
"Revenue","86,521","86,521","86,521","80,918","86,576","91,919","99,334","97,742","99,036","96,178","92,390","87,520","-0.13%"
"YoY %","0.00%","0.00%","6.92%","-6.54%","-5.81%","-7.46%","1.63%","-1.31%","2.97%","4.10%","5.56%","-",""
"Horiz. %","98.86%","98.86%","98.86%","92.46%","98.92%","105.03%","113.50%","111.68%","113.16%","109.89%","105.56%","100.00%",""
"PBT","-33,336","-33,336","-33,336","-10,479","-15,150","-6,088","945","-603","-2,641","2,118","2,164","2,852","-"
"YoY %","0.00%","0.00%","-218.12%","30.83%","-148.85%","-744.23%","256.72%","77.17%","-224.69%","-2.13%","-24.12%","-",""
"Horiz. %","-1,168.86%","-1,168.86%","-1,168.86%","-367.43%","-531.21%","-213.46%","33.13%","-21.14%","-92.60%","74.26%","75.88%","100.00%",""
"Tax","-124","-122","-124","-293","-687","-70","-1,109","-289","-281","-913","-894","-1,060","-21.20%"
"YoY %","-1.64%","1.61%","57.68%","57.35%","-881.43%","93.69%","-283.74%","-2.85%","69.22%","-2.13%","15.66%","-",""
"Horiz. %","11.70%","11.51%","11.70%","27.64%","64.81%","6.60%","104.62%","27.26%","26.51%","86.13%","84.34%","100.00%",""
"NP","-33,460","-33,458","-33,460","-10,772","-15,837","-6,158","-164","-892","-2,922","1,205","1,270","1,792","-"
"YoY %","-0.01%","0.01%","-210.62%","31.98%","-157.18%","-3,654.88%","81.61%","69.47%","-342.49%","-5.12%","-29.13%","-",""
"Horiz. %","-1,867.19%","-1,867.08%","-1,867.19%","-601.12%","-883.76%","-343.64%","-9.15%","-49.78%","-163.06%","67.24%","70.87%","100.00%",""
"NP to SH","-33,460","-33,458","-33,460","-10,772","-15,837","-6,158","-164","-892","-2,922","1,205","1,270","1,792","-"
"YoY %","-0.01%","0.01%","-210.62%","31.98%","-157.18%","-3,654.88%","81.61%","69.47%","-342.49%","-5.12%","-29.13%","-",""
"Horiz. %","-1,867.19%","-1,867.08%","-1,867.19%","-601.12%","-883.76%","-343.64%","-9.15%","-49.78%","-163.06%","67.24%","70.87%","100.00%",""
"Tax Rate","-     %","-     %","-     %","-     %","-     %","-     %","117.35    %","-     %","-     %","43.11    %","41.31    %","37.17    %","-"
"YoY %","0.00%","0.00%","0.00%","0.00%","0.00%","0.00%","0.00%","0.00%","0.00%","4.36%","11.14%","-",""
"Horiz. %","0.00%","0.00%","0.00%","0.00%","0.00%","0.00%","315.71%","0.00%","0.00%","115.98%","111.14%","100.00%",""
"Total Cost","119,981","119,979","119,981","91,690","102,413","98,077","99,498","98,634","101,958","94,973","91,120","85,728","3.80%"
"YoY %","0.00%","-0.00%","30.86%","-10.47%","4.42%","-1.43%","0.88%","-3.26%","7.35%","4.23%","6.29%","-",""
"Horiz. %","139.96%","139.95%","139.96%","106.95%","119.46%","114.40%","116.06%","115.05%","118.93%","110.78%","106.29%","100.00%",""
"Net Worth","6,778,101","6,778,101","6,778,101","7,213,920","3,967,656","5,590,250","61,403","62,008","63,477","67,466","68,008","67,946","66.71%"
"YoY %","0.00%","0.00%","-6.04%","81.82%","-29.03%","9,004.07%","-0.98%","-2.31%","-5.91%","-0.80%","0.09%","-",""
"Horiz. %","9,975.68%","9,975.68%","9,975.68%","10,617.09%","5,839.40%","8,227.46%","90.37%","91.26%","93.42%","99.29%","100.09%","100.00%",""
"Div","-","0","-","-","-","-","-","-","-","-","-","-","-"
"YoY %","0.00%","0.00%","0.00%","0.00%","0.00%","0.00%","0.00%","0.00%","0.00%","0.00%","0.00%","-",""
"Horiz. %","-","-","-","-","-","-","-","-","-","-","-","-",""
"Div Payout %","-     %","-     %","-     %","-     %","-     %","-     %","-     %","-     %","-     %","-     %","-     %","-     %","-"
"YoY %","0.00%","0.00%","0.00%","0.00%","0.00%","0.00%","0.00%","0.00%","0.00%","0.00%","0.00%","-",""
"Horiz. %","-","-","-","-","-","-","-","-","-","-","-","-",""
"Net Worth","6,778,101","6,778,101","6,778,101","7,213,920","3,967,656","5,590,250","61,403","62,008","63,477","67,466","68,008","67,946","66.71%"
"YoY %","0.00%","0.00%","-6.04%","81.82%","-29.03%","9,004.07%","-0.98%","-2.31%","-5.91%","-0.80%","0.09%","-",""
"Horiz. %","9,975.68%","9,975.68%","9,975.68%","10,617.09%","5,839.40%","8,227.46%","90.37%","91.26%","93.42%","99.29%","100.09%","100.00%",""
"NOSH","123,238","123,238","123,238","120,232","60,116","60,110","59,615","60,202","60,454","60,238","60,184","60,129","8.29%"
"YoY %","0.00%","0.00%","2.50%","100.00%","0.01%","0.83%","-0.98%","-0.42%","0.36%","0.09%","0.09%","-",""
"Horiz. %","204.95%","204.95%","204.95%","199.96%","99.98%","99.97%","99.15%","100.12%","100.54%","100.18%","100.09%","100.00%",""
"NP Margin","-38.67    %","-38.67    %","-38.67    %","-13.31    %","-18.29    %","-6.70    %","-0.17    %","-0.91    %","-2.95    %","1.25    %","1.37    %","2.05    %","-"
"YoY %","0.00%","0.00%","-190.53%","27.23%","-172.99%","-3,841.18%","81.32%","69.15%","-336.00%","-8.76%","-33.17%","-",""
"Horiz. %","-1,886.34%","-1,886.34%","-1,886.34%","-649.27%","-892.20%","-326.83%","-8.29%","-44.39%","-143.90%","60.98%","66.83%","100.00%",""
"ROE","-0.49    %","-0.49    %","-0.49    %","-0.15    %","-0.40    %","-0.11    %","-0.27    %","-1.44    %","-4.60    %","1.79    %","1.87    %","2.64    %","-"
"YoY %","0.00%","0.00%","-226.67%","62.50%","-263.64%","59.26%","81.25%","68.70%","-356.98%","-4.28%","-29.17%","-",""
"Horiz. %","-18.56%","-18.56%","-18.56%","-5.68%","-15.15%","-4.17%","-10.23%","-54.55%","-174.24%","67.80%","70.83%","100.00%",""
"RPS","70.21","70.21","70.21","67.30","144.01","152.92","166.62","162.35","163.82","159.66","153.51","145.55","-7.78%"
"YoY %","0.00%","0.00%","4.32%","-53.27%","-5.83%","-8.22%","2.63%","-0.90%","2.61%","4.01%","5.47%","-",""
"Horiz. %","48.24%","48.24%","48.24%","46.24%","98.94%","105.06%","114.48%","111.54%","112.55%","109.69%","105.47%","100.00%",""
"EPS","-27.15","-27.15","-27.15","-8.96","-13.17","-10.24","-0.27","-1.48","-4.86","2.00","2.11","2.98","-"
"YoY %","0.00%","0.00%","-203.01%","31.97%","-28.61%","-3,692.59%","81.76%","69.55%","-343.00%","-5.21%","-29.19%","-",""
"Horiz. %","-911.07%","-911.07%","-911.07%","-300.67%","-441.95%","-343.62%","-9.06%","-49.66%","-163.09%","67.11%","70.81%","100.00%",""
"DPS","0.00","0.00","0.00","0.00","-","0.00","0.00","0.00","0.00","0.00","0.00","0.00","-"
"YoY %","0.00%","0.00%","0.00%","0.00%","0.00%","0.00%","0.00%","0.00%","0.00%","0.00%","0.00%","-",""
"Horiz. %","-","-","-","-","-","-","-","-","-","-","-","-",""
"NAPS","55.0000","55.0000","55.0000","60.0000","66.0000","93.0000","1.0300","1.0300","1.0500","1.1200","1.1300","1.1300","53.94%"
"YoY %","0.00%","0.00%","-8.33%","-9.09%","-29.03%","8,929.13%","0.00%","-1.90%","-6.25%","-0.88%","0.00%","-",""
"Horiz. %","4,867.26%","4,867.26%","4,867.26%","5,309.73%","5,840.71%","8,230.09%","91.15%","91.15%","92.92%","99.12%","100.00%","100.00%",""
"RPS","70.21","70.21","70.21","65.66","70.25","74.59","80.60","79.31","80.36","78.04","74.97","71.02","-0.13%"
"YoY %","0.00%","0.00%","6.93%","-6.53%","-5.82%","-7.46%","1.63%","-1.31%","2.97%","4.09%","5.56%","-",""
"Horiz. %","98.86%","98.86%","98.86%","92.45%","98.92%","105.03%","113.49%","111.67%","113.15%","109.88%","105.56%","100.00%",""
"EPS","-27.15","-27.15","-27.15","-8.74","-12.85","-5.00","-0.13","-0.72","-2.37","0.98","1.03","1.45","-"
"YoY %","0.00%","0.00%","-210.64%","31.98%","-157.00%","-3,746.15%","81.94%","69.62%","-341.84%","-4.85%","-28.97%","-",""
"Horiz. %","-1,872.41%","-1,872.41%","-1,872.41%","-602.76%","-886.21%","-344.83%","-8.97%","-49.66%","-163.45%","67.59%","71.03%","100.00%",""
"DPS","0.00","0.00","0.00","0.00","-","0.00","0.00","0.00","0.00","0.00","0.00","0.00","-"
"YoY %","0.00%","0.00%","0.00%","0.00%","0.00%","0.00%","0.00%","0.00%","0.00%","0.00%","0.00%","-",""
"Horiz. %","-","-","-","-","-","-","-","-","-","-","-","-",""
"NAPS","55.0000","55.0000","55.0000","58.5364","32.1950","45.3613","0.4983","0.5032","0.5151","0.5474","0.5518","0.5513","66.71%"
"YoY %","0.00%","0.00%","-6.04%","81.82%","-29.03%","9,003.21%","-0.97%","-2.31%","-5.90%","-0.80%","0.09%","-",""
"Horiz. %","9,976.42%","9,976.42%","9,976.42%","10,617.88%","5,839.83%","8,228.06%","90.39%","91.28%","93.43%","99.29%","100.09%","100.00%",""
"Date","AQR","T4Q","29/03/19","30/03/18","31/03/17","31/03/16","31/03/15","31/03/14","29/03/13","30/03/12","31/03/11","31/03/10","-"
"Price","0.3000","0.3000","0.3000","0.4300","0.7000","0.7050","0.7300","0.5600","0.5000","0.6300","0.8500","0.7600","-"
"P/RPS","0.43","0.43","0.43","0.64","0.49","0.46","0.44","0.34","0.31","0.39","0.55","0.52","-2.09%"
"YoY %","0.00%","0.00%","-32.81%","30.61%","6.52%","4.55%","29.41%","9.68%","-20.51%","-29.09%","5.77%","-",""
"Horiz. %","82.69%","82.69%","82.69%","123.08%","94.23%","88.46%","84.62%","65.38%","59.62%","75.00%","105.77%","100.00%",""
"P/EPS","-1.10","-1.11","-1.10","-4.80","-2.66","-6.88","-265.36","-37.80","-10.34","31.49","40.28","25.50","-"
"YoY %","0.90%","-0.91%","77.08%","-80.45%","61.34%","97.41%","-602.01%","-265.57%","-132.84%","-21.82%","57.96%","-",""
"Horiz. %","-4.31%","-4.35%","-4.31%","-18.82%","-10.43%","-26.98%","-1,040.63%","-148.24%","-40.55%","123.49%","157.96%","100.00%",""
"EY","-90.50","-90.50","-90.50","-20.84","-37.63","-14.53","-0.38","-2.65","-9.67","3.18","2.48","3.92","-"
"YoY %","0.00%","0.00%","-334.26%","44.62%","-158.98%","-3,723.68%","85.66%","72.60%","-404.09%","28.23%","-36.73%","-",""
"Horiz. %","-2,308.67%","-2,308.67%","-2,308.67%","-531.63%","-959.95%","-370.66%","-9.69%","-67.60%","-246.68%","81.12%","63.27%","100.00%",""
"DY","0.00","0.00","0.00","0.00","0.00","0.00","0.00","0.00","0.00","0.00","0.00","0.00","-"
"YoY %","0.00%","0.00%","0.00%","0.00%","0.00%","0.00%","0.00%","0.00%","0.00%","0.00%","0.00%","-",""
"Horiz. %","-","-","-","-","-","-","-","-","-","-","-","-",""
"P/NAPS","0.01","0.01","0.01","0.01","0.01","0.01","0.71","0.54","0.48","0.56","0.75","0.67","-37.31%"
"YoY %","0.00%","0.00%","0.00%","0.00%","0.00%","-98.59%","31.48%","12.50%","-14.29%","-25.33%","11.94%","-",""
"Horiz. %","1.49%","1.49%","1.49%","1.49%","1.49%","1.49%","105.97%","80.60%","71.64%","83.58%","111.94%","100.00%",""
"Date","AQR","T4Q","31/05/19","30/05/18","01/06/17","31/05/16","29/05/15","29/05/14","31/05/13","22/05/12","27/05/11","15/06/10","-"
"Price","0.2800","0.2800","0.2800","0.3650","0.4850","0.7500","0.8500","0.6500","0.5300","0.5700","0.6500","0.6500","-"
"P/RPS","0.40","0.40","0.40","0.54","0.34","0.49","0.51","0.40","0.32","0.36","0.42","0.45","-1.30%"
"YoY %","0.00%","0.00%","-25.93%","58.82%","-30.61%","-3.92%","27.50%","25.00%","-11.11%","-14.29%","-6.67%","-",""
"Horiz. %","88.89%","88.89%","88.89%","120.00%","75.56%","108.89%","113.33%","88.89%","71.11%","80.00%","93.33%","100.00%",""
"P/EPS","-1.03","-1.03","-1.03","-4.07","-1.84","-7.32","-308.98","-43.87","-10.97","28.49","30.80","21.81","-"
"YoY %","0.00%","0.00%","74.69%","-121.20%","74.86%","97.63%","-604.31%","-299.91%","-138.50%","-7.50%","41.22%","-",""
"Horiz. %","-4.72%","-4.72%","-4.72%","-18.66%","-8.44%","-33.56%","-1,416.69%","-201.15%","-50.30%","130.63%","141.22%","100.00%",""
"EY","-96.97","-96.96","-96.97","-24.55","-54.32","-13.66","-0.32","-2.28","-9.12","3.51","3.25","4.58","-"
"YoY %","-0.01%","0.01%","-294.99%","54.80%","-297.66%","-4,168.75%","85.96%","75.00%","-359.83%","8.00%","-29.04%","-",""
"Horiz. %","-2,117.25%","-2,117.03%","-2,117.25%","-536.03%","-1,186.03%","-298.25%","-6.99%","-49.78%","-199.13%","76.64%","70.96%","100.00%",""
"DY","0.00","0.00","0.00","0.00","0.00","0.00","0.00","0.00","0.00","0.00","0.00","0.00","-"
"YoY %","0.00%","0.00%","0.00%","0.00%","0.00%","0.00%","0.00%","0.00%","0.00%","0.00%","0.00%","-",""
"Horiz. %","-","-","-","-","-","-","-","-","-","-","-","-",""
"P/NAPS","0.01","0.01","0.01","0.01","0.01","0.01","0.83","0.63","0.50","0.51","0.58","0.58","-36.29%"
"YoY %","0.00%","0.00%","0.00%","0.00%","0.00%","-98.80%","31.75%","26.00%","-1.96%","-12.07%","0.00%","-",""
"Horiz. %","1.72%","1.72%","1.72%","1.72%","1.72%","1.72%","143.10%","108.62%","86.21%","87.93%","100.00%","100.00%",""

