Column1,AQR,T4Q,31/12/18,31/12/17,31/12/16,31/12/15,31/12/14,31/12/13,31/12/12,31/12/11,31/12/10,31/12/09,CAGR
"Revenue","451,356","631,570","508,124","741,855","621,484","616,913","630,101","600,538","587,675","534,999","553,633","459,882","1.11%"
"YoY %","-28.53%","24.29%","-31.51%","19.37%","0.74%","-2.09%","4.92%","2.19%","9.85%","-3.37%","20.39%","-",""
"Horiz. %","98.15%","137.33%","110.49%","161.31%","135.14%","134.15%","137.01%","130.59%","127.79%","116.33%","120.39%","100.00%",""
"PBT","-13,868","6,093","10,669","67,816","39,832","19,642","22,912","20,329","10,693","16,263","14,808","19,167","-6.30%"
"YoY %","-327.61%","-42.89%","-84.27%","70.26%","102.79%","-14.27%","12.71%","90.12%","-34.25%","9.83%","-22.74%","-",""
"Horiz. %","-72.35%","31.79%","55.66%","353.82%","207.82%","102.48%","119.54%","106.06%","55.79%","84.85%","77.26%","100.00%",""
"Tax","13,308","2,663","7,240","-17,087","-9,146","-6,489","-7,872","-4,086","-789","-4,182","-2,764","-7,348","-"
"YoY %","399.74%","-63.22%","142.37%","-86.82%","-40.95%","17.57%","-92.66%","-417.87%","81.13%","-51.30%","62.38%","-",""
"Horiz. %","-181.11%","-36.24%","-98.53%","232.54%","124.47%","88.31%","107.13%","55.61%","10.74%","56.91%","37.62%","100.00%",""
"NP","-560","8,756","17,909","50,729","30,686","13,153","15,040","16,243","9,904","12,081","12,044","11,819","4.72%"
"YoY %","-106.40%","-51.11%","-64.70%","65.32%","133.30%","-12.55%","-7.41%","64.00%","-18.02%","0.31%","1.90%","-",""
"Horiz. %","-4.74%","74.08%","151.53%","429.22%","259.63%","111.29%","127.25%","137.43%","83.80%","102.22%","101.90%","100.00%",""
"NP to SH","-7,612","3,665","12,610","43,126","24,340","10,659","12,309","12,205","7,701","8,080","6,120","4,203","12.98%"
"YoY %","-307.69%","-70.94%","-70.76%","77.18%","128.35%","-13.40%","0.85%","58.49%","-4.69%","32.03%","45.61%","-",""
"Horiz. %","-181.11%","87.20%","300.02%","1,026.08%","579.11%","253.60%","292.86%","290.39%","183.23%","192.24%","145.61%","100.00%",""
"Tax Rate","-     %","-43.71    %","-67.86    %","25.20    %","22.96    %","33.04    %","34.36    %","20.10    %","7.38    %","25.71    %","18.67    %","38.34    %","-"
"YoY %","0.00%","35.59%","-369.29%","9.76%","-30.51%","-3.84%","70.95%","172.36%","-71.30%","37.71%","-51.30%","-",""
"Horiz. %","0.00%","-114.01%","-177.00%","65.73%","59.89%","86.18%","89.62%","52.43%","19.25%","67.06%","48.70%","100.00%",""
"Total Cost","451,916","622,814","490,215","691,126","590,798","603,760","615,061","584,295","577,771","522,918","541,589","448,063","1.00%"
"YoY %","-27.44%","27.05%","-29.07%","16.98%","-2.15%","-1.84%","5.27%","1.13%","10.49%","-3.45%","20.87%","-",""
"Horiz. %","100.86%","139.00%","109.41%","154.25%","131.86%","134.75%","137.27%","130.40%","128.95%","116.71%","120.87%","100.00%",""
"Net Worth","278,148","278,148","281,874","278,194","234,072","215,280","202,531","193,260","182,562","175,772","170,748","166,770","6.00%"
"YoY %","0.00%","-1.32%","1.32%","18.85%","8.73%","6.29%","4.80%","5.86%","3.86%","2.94%","2.39%","-",""
"Horiz. %","166.79%","166.79%","169.02%","166.81%","140.36%","129.09%","121.44%","115.88%","109.47%","105.40%","102.39%","100.00%",""
"Div","-","2,940","2,936","9,865","3,519","3,500","3,491","3,482","1,043","1,740","1,742","2,605","1.33%"
"YoY %","0.00%","0.14%","-70.24%","180.27%","0.55%","0.25%","0.28%","233.79%","-40.06%","-0.11%","-33.14%","-",""
"Horiz. %","0.00%","112.84%","112.68%","378.58%","135.08%","134.34%","134.01%","133.63%","40.03%","66.79%","66.86%","100.00%",""
"Div Payout %","-     %","80.23    %","23.28    %","22.87    %","14.46    %","32.84    %","28.37    %","28.53    %","13.55    %","21.54    %","28.47    %","62.00    %","-10.31%"
"YoY %","0.00%","244.63%","1.79%","58.16%","-55.97%","15.76%","-0.56%","110.55%","-37.09%","-24.34%","-54.08%","-",""
"Horiz. %","0.00%","129.40%","37.55%","36.89%","23.32%","52.97%","45.76%","46.02%","21.85%","34.74%","45.92%","100.00%",""
"Net Worth","278,148","278,148","281,874","278,194","234,072","215,280","202,531","193,260","182,562","175,772","170,748","166,770","6.00%"
"YoY %","0.00%","-1.32%","1.32%","18.85%","8.73%","6.29%","4.80%","5.86%","3.86%","2.94%","2.39%","-",""
"Horiz. %","166.79%","166.79%","169.02%","166.81%","140.36%","129.09%","121.44%","115.88%","109.47%","105.40%","102.39%","100.00%",""
"NOSH","195,879","195,879","195,746","197,301","175,994","175,024","174,595","174,108","173,868","174,032","174,232","173,719","1.33%"
"YoY %","0.00%","0.07%","-0.79%","12.11%","0.55%","0.25%","0.28%","0.14%","-0.09%","-0.11%","0.30%","-",""
"Horiz. %","112.76%","112.76%","112.68%","113.57%","101.31%","100.75%","100.50%","100.22%","100.09%","100.18%","100.30%","100.00%",""
"NP Margin","-0.12    %","1.39    %","3.52    %","6.84    %","4.94    %","2.13    %","2.39    %","2.70    %","1.69    %","2.26    %","2.18    %","2.57    %","3.55%"
"YoY %","-108.63%","-60.51%","-48.54%","38.46%","131.92%","-10.88%","-11.48%","59.76%","-25.22%","3.67%","-15.18%","-",""
"Horiz. %","-4.67%","54.09%","136.96%","266.15%","192.22%","82.88%","93.00%","105.06%","65.76%","87.94%","84.82%","100.00%",""
"ROE","-2.74    %","1.32    %","4.47    %","15.50    %","10.40    %","4.95    %","6.08    %","6.32    %","4.22    %","4.60    %","3.58    %","2.52    %","6.57%"
"YoY %","-307.58%","-70.47%","-71.16%","49.04%","110.10%","-18.59%","-3.80%","49.76%","-8.26%","28.49%","42.06%","-",""
"Horiz. %","-108.73%","52.38%","177.38%","615.08%","412.70%","196.43%","241.27%","250.79%","167.46%","182.54%","142.06%","100.00%",""
"RPS","230.43","322.43","259.58","376.00","353.13","352.47","360.89","344.92","338.00","307.41","317.75","264.73","-0.22%"
"YoY %","-28.53%","24.21%","-30.96%","6.48%","0.19%","-2.33%","4.63%","2.05%","9.95%","-3.25%","20.03%","-",""
"Horiz. %","87.04%","121.80%","98.05%","142.03%","133.39%","133.14%","136.32%","130.29%","127.68%","116.12%","120.03%","100.00%",""
"EPS","-3.88","1.87","6.42","22.36","13.83","6.09","7.05","7.01","4.42","4.64","3.52","2.41","11.49%"
"YoY %","-307.49%","-70.87%","-71.29%","61.68%","127.09%","-13.62%","0.57%","58.60%","-4.74%","31.82%","46.06%","-",""
"Horiz. %","-161.00%","77.59%","266.39%","927.80%","573.86%","252.70%","292.53%","290.87%","183.40%","192.53%","146.06%","100.00%",""
"DPS","0.00","1.50","1.50","5.00","2.00","2.00","2.00","2.00","0.60","1.00","1.00","1.50","-"
"YoY %","0.00%","0.00%","-70.00%","150.00%","0.00%","0.00%","0.00%","233.33%","-40.00%","0.00%","-33.33%","-",""
"Horiz. %","0.00%","100.00%","100.00%","333.33%","133.33%","133.33%","133.33%","133.33%","40.00%","66.67%","66.67%","100.00%",""
"NAPS","1.4200","1.4200","1.4400","1.4100","1.3300","1.2300","1.1600","1.1100","1.0500","1.0100","0.9800","0.9600","4.61%"
"YoY %","0.00%","-1.39%","2.13%","6.02%","8.13%","6.03%","4.50%","5.71%","3.96%","3.06%","2.08%","-",""
"Horiz. %","147.92%","147.92%","150.00%","146.88%","138.54%","128.12%","120.83%","115.62%","109.38%","105.21%","102.08%","100.00%",""
"RPS","220.36","308.34","248.07","362.18","303.41","301.18","307.62","293.19","286.91","261.19","270.29","224.52","1.11%"
"YoY %","-28.53%","24.30%","-31.51%","19.37%","0.74%","-2.09%","4.92%","2.19%","9.85%","-3.37%","20.39%","-",""
"Horiz. %","98.15%","137.33%","110.49%","161.31%","135.14%","134.14%","137.01%","130.59%","127.79%","116.33%","120.39%","100.00%",""
"EPS","-3.72","1.79","6.16","21.05","11.88","5.20","6.01","5.96","3.76","3.94","2.99","2.05","13.00%"
"YoY %","-307.82%","-70.94%","-70.74%","77.19%","128.46%","-13.48%","0.84%","58.51%","-4.57%","31.77%","45.85%","-",""
"Horiz. %","-181.46%","87.32%","300.49%","1,026.83%","579.51%","253.66%","293.17%","290.73%","183.41%","192.20%","145.85%","100.00%",""
"DPS","0.00","1.44","1.43","4.82","1.72","1.71","1.70","1.70","0.51","0.85","0.85","1.27","1.33%"
"YoY %","0.00%","0.70%","-70.33%","180.23%","0.58%","0.59%","0.00%","233.33%","-40.00%","0.00%","-33.07%","-",""
"Horiz. %","0.00%","113.39%","112.60%","379.53%","135.43%","134.65%","133.86%","133.86%","40.16%","66.93%","66.93%","100.00%",""
"NAPS","1.3579","1.3579","1.3761","1.3582","1.1428","1.0510","0.9888","0.9435","0.8913","0.8581","0.8336","0.8142","6.00%"
"YoY %","0.00%","-1.32%","1.32%","18.85%","8.73%","6.29%","4.80%","5.86%","3.87%","2.94%","2.38%","-",""
"Horiz. %","166.78%","166.78%","169.01%","166.81%","140.36%","129.08%","121.44%","115.88%","109.47%","105.39%","102.38%","100.00%",""
"Date","AQR","T4Q","31/12/18","29/12/17","30/12/16","31/12/15","31/12/14","31/12/13","31/12/12","30/12/11","30/12/10","31/12/09","-"
"Price","0.6800","0.6800","0.5200","1.0400","0.8700","0.4800","0.4500","0.4600","0.2800","0.3400","0.4700","0.5700","-"
"P/RPS","0.30","0.21","0.20","0.28","0.25","0.14","0.12","0.13","0.08","0.11","0.15","0.22","-1.05%"
"YoY %","42.86%","5.00%","-28.57%","12.00%","78.57%","16.67%","-7.69%","62.50%","-27.27%","-26.67%","-31.82%","-",""
"Horiz. %","136.36%","95.45%","90.91%","127.27%","113.64%","63.64%","54.55%","59.09%","36.36%","50.00%","68.18%","100.00%",""
"P/EPS","-17.50","36.34","8.07","4.76","6.29","7.88","6.38","6.56","6.32","7.32","13.38","23.56","-11.22%"
"YoY %","-148.16%","350.31%","69.54%","-24.32%","-20.18%","23.51%","-2.74%","3.80%","-13.66%","-45.29%","-43.21%","-",""
"Horiz. %","-74.28%","154.24%","34.25%","20.20%","26.70%","33.45%","27.08%","27.84%","26.83%","31.07%","56.79%","100.00%",""
"EY","-5.71","2.75","12.39","21.02","15.90","12.69","15.67","15.24","15.82","13.66","7.47","4.24","12.65%"
"YoY %","-307.64%","-77.80%","-41.06%","32.20%","25.30%","-19.02%","2.82%","-3.67%","15.81%","82.86%","76.18%","-",""
"Horiz. %","-134.67%","64.86%","292.22%","495.75%","375.00%","299.29%","369.58%","359.43%","373.11%","322.17%","176.18%","100.00%",""
"DY","0.00","2.21","2.88","4.81","2.30","4.17","4.44","4.35","2.14","2.94","2.13","2.63","1.01%"
"YoY %","0.00%","-23.26%","-40.12%","109.13%","-44.84%","-6.08%","2.07%","103.27%","-27.21%","38.03%","-19.01%","-",""
"Horiz. %","0.00%","84.03%","109.51%","182.89%","87.45%","158.56%","168.82%","165.40%","81.37%","111.79%","80.99%","100.00%",""
"P/NAPS","0.48","0.48","0.36","0.74","0.65","0.39","0.39","0.41","0.27","0.34","0.48","0.59","-5.34%"
"YoY %","0.00%","33.33%","-51.35%","13.85%","66.67%","0.00%","-4.88%","51.85%","-20.59%","-29.17%","-18.64%","-",""
"Horiz. %","81.36%","81.36%","61.02%","125.42%","110.17%","66.10%","66.10%","69.49%","45.76%","57.63%","81.36%","100.00%",""
"Date","AQR","T4Q","27/02/19","27/02/18","23/02/17","25/02/16","26/02/15","25/02/14","26/02/13","28/02/12","25/02/11","24/02/10","-"
"Price","0.5750","0.5750","0.6100","1.1000","0.8950","0.4250","0.5000","0.4750","0.2750","0.3700","0.4600","0.5200","-"
"P/RPS","0.25","0.18","0.23","0.29","0.25","0.12","0.14","0.14","0.08","0.12","0.14","0.20","1.56%"
"YoY %","38.89%","-21.74%","-20.69%","16.00%","108.33%","-14.29%","0.00%","75.00%","-33.33%","-14.29%","-30.00%","-",""
"Horiz. %","125.00%","90.00%","115.00%","145.00%","125.00%","60.00%","70.00%","70.00%","40.00%","60.00%","70.00%","100.00%",""
"P/EPS","-14.80","30.73","9.47","5.03","6.47","6.98","7.09","6.78","6.21","7.97","13.10","21.49","-8.70%"
"YoY %","-148.16%","224.50%","88.27%","-22.26%","-7.31%","-1.55%","4.57%","9.18%","-22.08%","-39.16%","-39.04%","-",""
"Horiz. %","-68.87%","143.00%","44.07%","23.41%","30.11%","32.48%","32.99%","31.55%","28.90%","37.09%","60.96%","100.00%",""
"EY","-6.76","3.25","10.56","19.87","15.45","14.33","14.10","14.76","16.11","12.55","7.64","4.65","9.54%"
"YoY %","-308.00%","-69.22%","-46.85%","28.61%","7.82%","1.63%","-4.47%","-8.38%","28.37%","64.27%","64.30%","-",""
"Horiz. %","-145.38%","69.89%","227.10%","427.31%","332.26%","308.17%","303.23%","317.42%","346.45%","269.89%","164.30%","100.00%",""
"DY","0.00","2.61","2.46","4.55","2.23","4.71","4.00","4.21","2.18","2.70","2.17","2.88","-1.74%"
"YoY %","0.00%","6.10%","-45.93%","104.04%","-52.65%","17.75%","-4.99%","93.12%","-19.26%","24.42%","-24.65%","-",""
"Horiz. %","0.00%","90.62%","85.42%","157.99%","77.43%","163.54%","138.89%","146.18%","75.69%","93.75%","75.35%","100.00%",""
"P/NAPS","0.40","0.40","0.42","0.78","0.67","0.35","0.43","0.43","0.26","0.37","0.47","0.54","-2.75%"
"YoY %","0.00%","-4.76%","-46.15%","16.42%","91.43%","-18.60%","0.00%","65.38%","-29.73%","-21.28%","-12.96%","-",""
"Horiz. %","74.07%","74.07%","77.78%","144.44%","124.07%","64.81%","79.63%","79.63%","48.15%","68.52%","87.04%","100.00%",""

