Column1,AQR,T4Q,31/12/17,31/12/16,31/12/15,31/12/14,31/12/13,31/12/12,31/12/11,31/12/10,31/12/09,31/12/08,CAGR
"Revenue","251,538","262,598","243,762","167,349","153,677","234,680","258,659","283,362","273,448","216,713","389,578","231,597","0.57%"
"YoY %","-4.21%","7.73%","45.66%","8.90%","-34.52%","-9.27%","-8.72%","3.63%","26.18%","-44.37%","68.21%","-",""
"Horiz. %","108.61%","113.39%","105.25%","72.26%","66.36%","101.33%","111.68%","122.35%","118.07%","93.57%","168.21%","100.00%",""
"PBT","11,702","11,257","10,555","7,575","-5,694","-14,663","2,448","-11,179","2,877","4,113","11,394","1,240","26.85%"
"YoY %","3.95%","6.65%","39.34%","233.03%","61.17%","-698.98%","121.90%","-488.56%","-30.05%","-63.90%","818.87%","-",""
"Horiz. %","943.71%","907.82%","851.21%","610.89%","-459.19%","-1,182.50%","197.42%","-901.53%","232.02%","331.69%","918.87%","100.00%",""
"Tax","-3,998","-4,887","-2,885","-1,045","2,197","2,655","-1,939","545","-4,368","1,193","-2,352","-637","18.26%"
"YoY %","18.19%","-69.39%","-176.08%","-147.56%","-17.25%","236.93%","-455.78%","112.48%","-466.14%","150.72%","-269.23%","-",""
"Horiz. %","627.63%","767.19%","452.90%","164.05%","-344.90%","-416.80%","304.40%","-85.56%","685.71%","-187.28%","369.23%","100.00%",""
"NP","7,704","6,370","7,670","6,530","-3,497","-12,008","509","-10,634","-1,491","5,306","9,042","603","32.63%"
"YoY %","20.94%","-16.95%","17.46%","286.73%","70.88%","-2,459.14%","104.79%","-613.21%","-128.10%","-41.32%","1,399.50%","-",""
"Horiz. %","1,277.61%","1,056.38%","1,271.97%","1,082.92%","-579.93%","-1,991.38%","84.41%","-1,763.52%","-247.26%","879.93%","1,499.50%","100.00%",""
"NP to SH","7,832","7,995","9,283","9,701","-3,473","-12,856","863","-10,377","-1,573","5,265","9,053","603","35.47%"
"YoY %","-2.04%","-13.87%","-4.31%","379.33%","72.99%","-1,589.69%","108.32%","-559.69%","-129.88%","-41.84%","1,401.33%","-",""
"Horiz. %","1,298.84%","1,325.87%","1,539.47%","1,608.79%","-575.95%","-2,132.01%","143.12%","-1,720.90%","-260.86%","873.13%","1,501.33%","100.00%",""
"Tax Rate","34.17    %","43.41    %","27.33    %","13.80    %","-     %","-     %","79.21    %","-     %","151.82    %","-29.01    %","20.64    %","51.37    %","-6.77%"
"YoY %","-21.29%","58.84%","98.04%","0.00%","0.00%","0.00%","0.00%","0.00%","623.34%","-240.55%","-59.82%","-",""
"Horiz. %","66.52%","84.50%","53.20%","26.86%","0.00%","0.00%","154.20%","0.00%","295.54%","-56.47%","40.18%","100.00%",""
"Total Cost","243,834","256,228","236,092","160,819","157,174","246,688","258,150","293,996","274,939","211,407","380,536","230,994","0.24%"
"YoY %","-4.84%","8.53%","46.81%","2.32%","-36.29%","-4.44%","-12.19%","6.93%","30.05%","-44.44%","64.74%","-",""
"Horiz. %","105.56%","110.92%","102.21%","69.62%","68.04%","106.79%","111.76%","127.27%","119.02%","91.52%","164.74%","100.00%",""
"Net Worth","141,849","141,849","140,002","131,181","12,212,747","120,364","115,623","116,540","94,848","98,634","93,754","87,092","5.41%"
"YoY %","0.00%","1.32%","6.72%","-98.93%","10,046.43%","4.10%","-0.79%","22.87%","-3.84%","5.20%","7.65%","-",""
"Horiz. %","162.87%","162.87%","160.75%","150.62%","14,022.78%","138.20%","132.76%","133.81%","108.91%","113.25%","107.65%","100.00%",""
"Div","-","0","-","-","-","-","-","-","-","3,202","3,201","-","-"
"YoY %","0.00%","0.00%","0.00%","0.00%","0.00%","0.00%","0.00%","0.00%","0.00%","0.03%","0.00%","-",""
"Horiz. %","0.00%","0.00%","0.00%","0.00%","0.00%","0.00%","0.00%","0.00%","0.00%","100.03%","100.00%","-",""
"Div Payout %","-     %","-     %","-     %","-     %","-     %","-     %","-     %","-     %","-     %","60.82    %","35.36    %","-     %","-"
"YoY %","0.00%","0.00%","0.00%","0.00%","0.00%","0.00%","0.00%","0.00%","0.00%","72.00%","0.00%","-",""
"Horiz. %","0.00%","0.00%","0.00%","0.00%","0.00%","0.00%","0.00%","0.00%","0.00%","172.00%","100.00%","-",""
"Net Worth","141,849","141,849","140,002","131,181","12,212,747","120,364","115,623","116,540","94,848","98,634","93,754","87,092","5.41%"
"YoY %","0.00%","1.32%","6.72%","-98.93%","10,046.43%","4.10%","-0.79%","22.87%","-3.84%","5.20%","7.65%","-",""
"Horiz. %","162.87%","162.87%","160.75%","150.62%","14,022.78%","138.20%","132.76%","133.81%","108.91%","113.25%","107.65%","100.00%",""
"NOSH","126,651","126,651","127,275","127,361","127,216","128,047","127,058","128,066","128,173","128,096","128,062","126,956","0.03%"
"YoY %","0.00%","-0.49%","-0.07%","0.11%","-0.65%","0.78%","-0.79%","-0.08%","0.06%","0.03%","0.87%","-",""
"Horiz. %","99.76%","99.76%","100.25%","100.32%","100.20%","100.86%","100.08%","100.87%","100.96%","100.90%","100.87%","100.00%",""
"NP Margin","3.06    %","2.43    %","3.15    %","3.90    %","-2.28    %","-5.12    %","0.20    %","-3.75    %","-0.55    %","2.45    %","2.32    %","0.26    %","31.92%"
"YoY %","25.93%","-22.86%","-19.23%","271.05%","55.47%","-2,660.00%","105.33%","-581.82%","-122.45%","5.60%","792.31%","-",""
"Horiz. %","1,176.92%","934.62%","1,211.54%","1,500.00%","-876.92%","-1,969.23%","76.92%","-1,442.31%","-211.54%","942.31%","892.31%","100.00%",""
"ROE","5.52    %","5.64    %","6.63    %","7.40    %","-0.03    %","-10.68    %","0.75    %","-8.90    %","-1.66    %","5.34    %","9.66    %","0.69    %","28.56%"
"YoY %","-2.13%","-14.93%","-10.41%","24,766.67%","99.72%","-1,524.00%","108.43%","-436.14%","-131.09%","-44.72%","1,300.00%","-",""
"Horiz. %","800.00%","817.39%","960.87%","1,072.46%","-4.35%","-1,547.83%","108.70%","-1,289.85%","-240.58%","773.91%","1,400.00%","100.00%",""
"RPS","198.61","207.34","191.52","131.40","120.80","183.28","203.57","221.26","213.34","169.18","304.21","182.42","0.54%"
"YoY %","-4.21%","8.26%","45.75%","8.77%","-34.09%","-9.97%","-8.00%","3.71%","26.10%","-44.39%","66.76%","-",""
"Horiz. %","108.88%","113.66%","104.99%","72.03%","66.22%","100.47%","111.59%","121.29%","116.95%","92.74%","166.76%","100.00%",""
"EPS","6.16","6.31","6.12","5.30","-2.73","-10.04","0.67","-8.11","-1.23","4.14","7.07","0.47","32.98%"
"YoY %","-2.38%","3.10%","15.47%","294.14%","72.81%","-1,598.51%","108.26%","-559.35%","-129.71%","-41.44%","1,404.26%","-",""
"Horiz. %","1,310.64%","1,342.55%","1,302.13%","1,127.66%","-580.85%","-2,136.17%","142.55%","-1,725.53%","-261.70%","880.85%","1,504.26%","100.00%",""
"DPS","0.00","0.00","0.00","0.00","0.00","0.00","0.00","0.00","0.00","2.50","2.50","0.00","-"
"YoY %","0.00%","0.00%","0.00%","0.00%","0.00%","0.00%","0.00%","0.00%","0.00%","0.00%","0.00%","-",""
"Horiz. %","0.00%","0.00%","0.00%","0.00%","0.00%","0.00%","0.00%","0.00%","0.00%","100.00%","100.00%","-",""
"NAPS","1.1200","1.1200","1.1000","1.0300","96.0000","0.9400","0.9100","0.9100","0.7400","0.7700","0.7321","0.6860","5.38%"
"YoY %","0.00%","1.82%","6.80%","-98.93%","10,112.77%","3.30%","0.00%","22.97%","-3.90%","5.18%","6.72%","-",""
"Horiz. %","163.27%","163.27%","160.35%","150.15%","13,994.17%","137.03%","132.65%","132.65%","107.87%","112.24%","106.72%","100.00%",""
"RPS","196.46","205.10","190.39","130.71","120.03","183.30","202.03","221.32","213.58","169.26","304.28","180.89","0.57%"
"YoY %","-4.21%","7.73%","45.66%","8.90%","-34.52%","-9.27%","-8.72%","3.62%","26.18%","-44.37%","68.21%","-",""
"Horiz. %","108.61%","113.38%","105.25%","72.26%","66.36%","101.33%","111.69%","122.35%","118.07%","93.57%","168.21%","100.00%",""
"EPS","6.12","6.24","7.25","7.58","-2.71","-10.04","0.67","-8.11","-1.23","4.11","7.07","0.47","35.50%"
"YoY %","-1.92%","-13.93%","-4.35%","379.70%","73.01%","-1,598.51%","108.26%","-559.35%","-129.93%","-41.87%","1,404.26%","-",""
"Horiz. %","1,302.13%","1,327.66%","1,542.55%","1,612.77%","-576.60%","-2,136.17%","142.55%","-1,725.53%","-261.70%","874.47%","1,504.26%","100.00%",""
"DPS","0.00","0.00","0.00","0.00","0.00","0.00","0.00","0.00","0.00","2.50","2.50","0.00","-"
"YoY %","0.00%","0.00%","0.00%","0.00%","0.00%","0.00%","0.00%","0.00%","0.00%","0.00%","0.00%","-",""
"Horiz. %","0.00%","0.00%","0.00%","0.00%","0.00%","0.00%","0.00%","0.00%","0.00%","100.00%","100.00%","-",""
"NAPS","1.1079","1.1079","1.0935","1.0246","95.3882","0.9401","0.9031","0.9102","0.7408","0.7704","0.7323","0.6802","5.41%"
"YoY %","0.00%","1.32%","6.72%","-98.93%","10,046.60%","4.10%","-0.78%","22.87%","-3.84%","5.20%","7.66%","-",""
"Horiz. %","162.88%","162.88%","160.76%","150.63%","14,023.55%","138.21%","132.77%","133.81%","108.91%","113.26%","107.66%","100.00%",""
"Date","AQR","T4Q","29/12/17","30/12/16","31/12/15","31/12/14","31/12/13","31/12/12","30/12/11","30/12/10","31/12/09","31/12/08","-"
"Price","0.3650","0.3650","0.5000","0.4000","0.1650","0.2750","0.3000","0.3200","0.3600","0.4500","0.5000","0.3100","-"
"P/RPS","0.18","0.18","0.26","0.30","0.14","0.15","0.15","0.14","0.17","0.27","0.16","0.17","4.83%"
"YoY %","0.00%","-30.77%","-13.33%","114.29%","-6.67%","0.00%","7.14%","-17.65%","-37.04%","68.75%","-5.88%","-",""
"Horiz. %","105.88%","105.88%","152.94%","176.47%","82.35%","88.24%","88.24%","82.35%","100.00%","158.82%","94.12%","100.00%",""
"P/EPS","5.90","5.78","6.86","5.25","-6.04","-2.74","44.17","-3.95","-29.33","10.95","7.07","65.27","-22.13%"
"YoY %","2.08%","-15.74%","30.67%","186.92%","-120.44%","-106.20%","1,218.23%","86.53%","-367.85%","54.88%","-89.17%","-",""
"Horiz. %","9.04%","8.86%","10.51%","8.04%","-9.25%","-4.20%","67.67%","-6.05%","-44.94%","16.78%","10.83%","100.00%",""
"EY","16.94","17.29","14.59","19.04","-16.55","-36.51","2.26","-25.32","-3.41","9.13","14.14","1.53","28.46%"
"YoY %","-2.02%","18.51%","-23.37%","215.05%","54.67%","-1,715.49%","108.93%","-642.52%","-137.35%","-35.43%","824.18%","-",""
"Horiz. %","1,107.19%","1,130.07%","953.59%","1,244.44%","-1,081.70%","-2,386.27%","147.71%","-1,654.90%","-222.88%","596.73%","924.18%","100.00%",""
"DY","0.00","0.00","0.00","0.00","0.00","0.00","0.00","0.00","0.00","5.56","5.00","0.00","-"
"YoY %","0.00%","0.00%","0.00%","0.00%","0.00%","0.00%","0.00%","0.00%","0.00%","11.20%","0.00%","-",""
"Horiz. %","0.00%","0.00%","0.00%","0.00%","0.00%","0.00%","0.00%","0.00%","0.00%","111.20%","100.00%","-",""
"P/NAPS","0.33","0.33","0.45","0.39","0.00","0.29","0.33","0.35","0.49","0.58","0.68","0.45","-"
"YoY %","0.00%","-26.67%","15.38%","0.00%","0.00%","-12.12%","-5.71%","-28.57%","-15.52%","-14.71%","51.11%","-",""
"Horiz. %","73.33%","73.33%","100.00%","86.67%","0.00%","64.44%","73.33%","77.78%","108.89%","128.89%","151.11%","100.00%",""
"Date","AQR","T4Q","26/02/18","24/02/17","29/02/16","27/02/15","27/02/14","28/02/13","29/02/12","28/02/11","25/02/10","26/02/09","-"
"Price","0.3850","0.3850","0.4750","0.5300","0.1600","0.2600","0.3000","0.2800","0.4000","0.4600","0.5200","0.2800","-"
"P/RPS","0.19","0.19","0.25","0.40","0.13","0.14","0.15","0.13","0.19","0.27","0.17","0.15","5.84%"
"YoY %","0.00%","-24.00%","-37.50%","207.69%","-7.14%","-6.67%","15.38%","-31.58%","-29.63%","58.82%","13.33%","-",""
"Horiz. %","126.67%","126.67%","166.67%","266.67%","86.67%","93.33%","100.00%","86.67%","126.67%","180.00%","113.33%","100.00%",""
"P/EPS","6.23","6.10","6.51","6.96","-5.86","-2.59","44.17","-3.46","-32.59","11.19","7.36","58.95","-21.70%"
"YoY %","2.13%","-6.30%","-6.47%","218.77%","-126.25%","-105.86%","1,376.59%","89.38%","-391.24%","52.04%","-87.51%","-",""
"Horiz. %","10.57%","10.35%","11.04%","11.81%","-9.94%","-4.39%","74.93%","-5.87%","-55.28%","18.98%","12.49%","100.00%",""
"EY","16.06","16.40","15.36","14.37","-17.06","-38.62","2.26","-28.94","-3.07","8.94","13.59","1.70","27.69%"
"YoY %","-2.07%","6.77%","6.89%","184.23%","55.83%","-1,808.85%","107.81%","-842.67%","-134.34%","-34.22%","699.41%","-",""
"Horiz. %","944.71%","964.71%","903.53%","845.29%","-1,003.53%","-2,271.76%","132.94%","-1,702.35%","-180.59%","525.88%","799.41%","100.00%",""
"DY","0.00","0.00","0.00","0.00","0.00","0.00","0.00","0.00","0.00","5.43","4.81","0.00","-"
"YoY %","0.00%","0.00%","0.00%","0.00%","0.00%","0.00%","0.00%","0.00%","0.00%","12.89%","0.00%","-",""
"Horiz. %","0.00%","0.00%","0.00%","0.00%","0.00%","0.00%","0.00%","0.00%","0.00%","112.89%","100.00%","-",""
"P/NAPS","0.34","0.34","0.43","0.51","0.00","0.28","0.33","0.31","0.54","0.60","0.71","0.41","0.53%"
"YoY %","0.00%","-20.93%","-15.69%","0.00%","0.00%","-15.15%","6.45%","-42.59%","-10.00%","-15.49%","73.17%","-",""
"Horiz. %","82.93%","82.93%","104.88%","124.39%","0.00%","68.29%","80.49%","75.61%","131.71%","146.34%","173.17%","100.00%",""

