Column1,AQR,T4Q,30/06/18,30/06/17,30/06/16,30/06/15,31/12/13,31/12/12,31/12/11,31/12/10,31/12/09,31/12/08,CAGR
"Revenue","142,372","131,178","130,374","130,175","196,182","0","156,940","138,908","141,834","135,593","162,673","174,175","-3.00%"
"YoY %","8.53%","0.62%","0.15%","-33.65%","0.00%","0.00%","12.98%","-2.06%","4.60%","-16.65%","-6.60%","-",""
"Horiz. %","81.74%","75.31%","74.85%","74.74%","112.63%","0.00%","90.10%","79.75%","81.43%","77.85%","93.40%","100.00%",""
"PBT","-6,160","-16,792","-14,192","2,501","-17","0","3,938","1,879","-1,671","-4,218","4,046","3,933","-"
"YoY %","63.32%","-18.32%","-667.45%","14,811.76%","0.00%","0.00%","109.58%","212.45%","60.38%","-204.25%","2.87%","-",""
"Horiz. %","-156.62%","-426.95%","-360.84%","63.59%","-0.43%","0.00%","100.13%","47.78%","-42.49%","-107.25%","102.87%","100.00%",""
"Tax","22","-228","-265","987","-4,771","0","-1,831","-1,676","-326","195","-1,475","-659","-9.14%"
"YoY %","109.65%","13.96%","-126.85%","120.69%","0.00%","0.00%","-9.25%","-414.11%","-267.18%","113.22%","-123.82%","-",""
"Horiz. %","-3.34%","34.60%","40.21%","-149.77%","723.98%","-0.00%","277.85%","254.32%","49.47%","-29.59%","223.82%","100.00%",""
"NP","-6,138","-17,020","-14,457","3,488","-4,788","0","2,107","203","-1,997","-4,023","2,571","3,274","-"
"YoY %","63.94%","-17.73%","-514.48%","172.85%","0.00%","0.00%","937.93%","110.17%","50.36%","-256.48%","-21.47%","-",""
"Horiz. %","-187.48%","-519.85%","-441.57%","106.54%","-146.24%","0.00%","64.36%","6.20%","-61.00%","-122.88%","78.53%","100.00%",""
"NP to SH","-6,138","-17,020","-14,457","3,488","-4,788","0","2,107","203","-1,997","-4,023","2,571","3,274","-"
"YoY %","63.94%","-17.73%","-514.48%","172.85%","0.00%","0.00%","937.93%","110.17%","50.36%","-256.48%","-21.47%","-",""
"Horiz. %","-187.48%","-519.85%","-441.57%","106.54%","-146.24%","0.00%","64.36%","6.20%","-61.00%","-122.88%","78.53%","100.00%",""
"Tax Rate","-     %","-     %","-     %","-39.46    %","-     %","-     %","46.50    %","89.20    %","-     %","-     %","36.46    %","16.76    %","-"
"YoY %","0.00%","0.00%","0.00%","0.00%","0.00%","0.00%","-47.87%","0.00%","0.00%","0.00%","117.54%","-",""
"Horiz. %","0.00%","0.00%","0.00%","-235.44%","0.00%","0.00%","277.45%","532.22%","0.00%","0.00%","217.54%","100.00%",""
"Total Cost","148,510","148,198","144,831","126,687","200,970","0","154,833","138,705","143,831","139,616","160,102","170,901","-1.73%"
"YoY %","0.21%","2.32%","14.32%","-36.96%","0.00%","0.00%","11.63%","-3.56%","3.02%","-12.80%","-6.32%","-",""
"Horiz. %","86.90%","86.72%","84.75%","74.13%","117.59%","0.00%","90.60%","81.16%","84.16%","81.69%","93.68%","100.00%",""
"Net Worth","115,914","115,914","115,914","133,795","124,878","123,631","120,480","114,691","119,018","107,036","131,637","128,409","-1.07%"
"YoY %","0.00%","0.00%","-13.36%","7.14%","1.01%","2.62%","5.05%","-3.64%","11.19%","-18.69%","2.51%","-",""
"Horiz. %","90.27%","90.27%","90.27%","104.19%","97.25%","96.28%","93.82%","89.32%","92.69%","83.36%","102.51%","100.00%",""
"Div","-","0","-","1,233","-","-","-","-","-","-","-","1,121","-"
"YoY %","0.00%","0.00%","0.00%","0.00%","0.00%","0.00%","0.00%","0.00%","0.00%","0.00%","0.00%","-",""
"Horiz. %","0.00%","0.00%","0.00%","109.96%","0.00%","0.00%","0.00%","0.00%","0.00%","0.00%","0.00%","100.00%",""
"Div Payout %","-     %","-     %","-     %","35.35    %","-     %","-     %","-     %","-     %","-     %","-     %","-     %","34.25    %","-"
"YoY %","0.00%","0.00%","0.00%","0.00%","0.00%","0.00%","0.00%","0.00%","0.00%","0.00%","0.00%","-",""
"Horiz. %","0.00%","0.00%","0.00%","103.21%","0.00%","0.00%","0.00%","0.00%","0.00%","0.00%","0.00%","100.00%",""
"Net Worth","115,914","115,914","115,914","133,795","124,878","123,631","120,480","114,691","119,018","107,036","131,637","128,409","-1.07%"
"YoY %","0.00%","0.00%","-13.36%","7.14%","1.01%","2.62%","5.05%","-3.64%","11.19%","-18.69%","2.51%","-",""
"Horiz. %","90.27%","90.27%","90.27%","104.19%","97.25%","96.28%","93.82%","89.32%","92.69%","83.36%","102.51%","100.00%",""
"NOSH","246,626","246,626","246,626","61,657","59,184","55,942","56,037","55,675","56,140","56,040","56,015","56,074","16.87%"
"YoY %","0.00%","0.00%","300.00%","4.18%","5.80%","-0.17%","0.65%","-0.83%","0.18%","0.04%","-0.10%","-",""
"Horiz. %","439.82%","439.82%","439.82%","109.96%","105.55%","99.76%","99.93%","99.29%","100.12%","99.94%","99.90%","100.00%",""
"NP Margin","-4.31    %","-12.97    %","-11.09    %","2.68    %","-2.44    %","-     %","1.34    %","0.15    %","-1.41    %","-2.97    %","1.58    %","1.88    %","-"
"YoY %","66.77%","-16.95%","-513.81%","209.84%","0.00%","0.00%","793.33%","110.64%","52.53%","-287.97%","-15.96%","-",""
"Horiz. %","-229.26%","-689.89%","-589.89%","142.55%","-129.79%","0.00%","71.28%","7.98%","-75.00%","-157.98%","84.04%","100.00%",""
"ROE","-5.30    %","-14.68    %","-12.47    %","2.61    %","-3.83    %","-     %","1.75    %","0.18    %","-1.68    %","-3.76    %","1.95    %","2.55    %","-"
"YoY %","63.90%","-17.72%","-577.78%","168.15%","0.00%","0.00%","872.22%","110.71%","55.32%","-292.82%","-23.53%","-",""
"Horiz. %","-207.84%","-575.69%","-489.02%","102.35%","-150.20%","0.00%","68.63%","7.06%","-65.88%","-147.45%","76.47%","100.00%",""
"RPS","57.73","53.19","52.86","211.13","331.48","-","280.06","249.49","252.64","241.96","290.40","310.62","-17.00%"
"YoY %","8.54%","0.62%","-74.96%","-36.31%","0.00%","0.00%","12.25%","-1.25%","4.41%","-16.68%","-6.51%","-",""
"Horiz. %","18.59%","17.12%","17.02%","67.97%","106.72%","0.00%","90.16%","80.32%","81.33%","77.90%","93.49%","100.00%",""
"EPS","-2.48","-6.90","-5.86","5.66","-8.09","0.00","3.76","0.36","-3.56","-7.18","4.59","5.84","-"
"YoY %","64.06%","-17.75%","-203.53%","169.96%","0.00%","0.00%","944.44%","110.11%","50.42%","-256.43%","-21.40%","-",""
"Horiz. %","-42.47%","-118.15%","-100.34%","96.92%","-138.53%","0.00%","64.38%","6.16%","-60.96%","-122.95%","78.60%","100.00%",""
"DPS","0.00","0.00","0.00","2.00","0.00","0.00","0.00","0.00","0.00","0.00","0.00","2.00","-"
"YoY %","0.00%","0.00%","0.00%","0.00%","0.00%","0.00%","0.00%","0.00%","0.00%","0.00%","0.00%","-",""
"Horiz. %","0.00%","0.00%","0.00%","100.00%","0.00%","0.00%","0.00%","0.00%","0.00%","0.00%","0.00%","100.00%",""
"NAPS","0.4700","0.4700","0.4700","2.1700","2.1100","2.2100","2.1500","2.0600","2.1200","1.9100","2.3500","2.2900","-15.35%"
"YoY %","0.00%","0.00%","-78.34%","2.84%","-4.52%","2.79%","4.37%","-2.83%","10.99%","-18.72%","2.62%","-",""
"Horiz. %","20.52%","20.52%","20.52%","94.76%","92.14%","96.51%","93.89%","89.96%","92.58%","83.41%","102.62%","100.00%",""
"RPS","57.73","53.19","52.86","52.78","79.55","-","63.63","56.32","57.51","54.98","65.96","70.62","-3.00%"
"YoY %","8.54%","0.62%","0.15%","-33.65%","0.00%","0.00%","12.98%","-2.07%","4.60%","-16.65%","-6.60%","-",""
"Horiz. %","81.75%","75.32%","74.85%","74.74%","112.65%","0.00%","90.10%","79.75%","81.44%","77.85%","93.40%","100.00%",""
"EPS","-2.48","-6.90","-5.86","1.41","-1.94","0.00","0.85","0.08","-0.81","-1.63","1.04","1.33","-"
"YoY %","64.06%","-17.75%","-515.60%","172.68%","0.00%","0.00%","962.50%","109.88%","50.31%","-256.73%","-21.80%","-",""
"Horiz. %","-186.47%","-518.80%","-440.60%","106.02%","-145.86%","0.00%","63.91%","6.02%","-60.90%","-122.56%","78.20%","100.00%",""
"DPS","0.00","0.00","0.00","0.50","0.00","0.00","0.00","0.00","0.00","0.00","0.00","0.45","-"
"YoY %","0.00%","0.00%","0.00%","0.00%","0.00%","0.00%","0.00%","0.00%","0.00%","0.00%","0.00%","-",""
"Horiz. %","0.00%","0.00%","0.00%","111.11%","0.00%","0.00%","0.00%","0.00%","0.00%","0.00%","0.00%","100.00%",""
"NAPS","0.4700","0.4700","0.4700","0.5425","0.5063","0.5013","0.4885","0.4650","0.4826","0.4340","0.5338","0.5207","-1.07%"
"YoY %","0.00%","0.00%","-13.36%","7.15%","1.00%","2.62%","5.05%","-3.65%","11.20%","-18.70%","2.52%","-",""
"Horiz. %","90.26%","90.26%","90.26%","104.19%","97.23%","96.27%","93.82%","89.30%","92.68%","83.35%","102.52%","100.00%",""
"Date","AQR","T4Q","29/06/18","30/06/17","30/06/16","30/06/15","31/12/13","31/12/12","30/12/11","30/12/10","31/12/09","31/12/08","-"
"Price","0.4000","0.4000","0.4800","2.2700","1.5300","1.5100","0.8000","0.7500","0.4900","0.6900","0.6600","0.5600","-"
"P/RPS","0.69","0.75","0.91","1.08","0.00","0.00","0.29","0.30","0.19","0.29","0.23","0.18","18.60%"
"YoY %","-8.00%","-17.58%","-15.74%","0.00%","0.00%","0.00%","-3.33%","57.89%","-34.48%","26.09%","27.78%","-",""
"Horiz. %","383.33%","416.67%","505.56%","600.00%","0.00%","0.00%","161.11%","166.67%","105.56%","161.11%","127.78%","100.00%",""
"P/EPS","-16.07","-5.80","-8.19","40.13","0.00","0.00","21.28","205.70","-13.78","-9.61","14.38","9.59","-"
"YoY %","-177.07%","29.18%","-120.41%","0.00%","0.00%","0.00%","-89.65%","1,592.74%","-43.39%","-166.83%","49.95%","-",""
"Horiz. %","-167.57%","-60.48%","-85.40%","418.46%","0.00%","0.00%","221.90%","2,144.94%","-143.69%","-100.21%","149.95%","100.00%",""
"EY","-6.22","-17.25","-12.21","2.49","0.00","0.00","4.70","0.49","-7.26","-10.40","6.95","10.43","-"
"YoY %","63.94%","-41.28%","-590.36%","0.00%","0.00%","0.00%","859.18%","106.75%","30.19%","-249.64%","-33.37%","-",""
"Horiz. %","-59.64%","-165.39%","-117.07%","23.87%","0.00%","0.00%","45.06%","4.70%","-69.61%","-99.71%","66.63%","100.00%",""
"DY","0.00","0.00","0.00","0.88","0.00","0.00","0.00","0.00","0.00","0.00","0.00","3.57","-"
"YoY %","0.00%","0.00%","0.00%","0.00%","0.00%","0.00%","0.00%","0.00%","0.00%","0.00%","0.00%","-",""
"Horiz. %","0.00%","0.00%","0.00%","24.65%","0.00%","0.00%","0.00%","0.00%","0.00%","0.00%","0.00%","100.00%",""
"P/NAPS","0.85","0.85","1.02","1.05","0.73","0.68","0.37","0.36","0.23","0.36","0.28","0.24","16.45%"
"YoY %","0.00%","-16.67%","-2.86%","43.84%","7.35%","83.78%","2.78%","56.52%","-36.11%","28.57%","16.67%","-",""
"Horiz. %","354.17%","354.17%","425.00%","437.50%","304.17%","283.33%","154.17%","150.00%","95.83%","150.00%","116.67%","100.00%",""
"Date","AQR","T4Q","20/08/18","17/08/17","26/08/16","27/02/15","28/02/14","28/02/13","29/02/12","28/02/11","25/02/10","27/02/09","-"
"Price","0.4150","0.4150","0.4800","2.4900","1.5200","1.6100","0.8200","0.6500","0.4900","0.6400","0.9000","0.6300","-"
"P/RPS","0.72","0.78","0.91","1.18","0.00","0.00","0.29","0.26","0.19","0.26","0.31","0.20","17.29%"
"YoY %","-7.69%","-14.29%","-22.88%","0.00%","0.00%","0.00%","11.54%","36.84%","-26.92%","-16.13%","55.00%","-",""
"Horiz. %","360.00%","390.00%","455.00%","590.00%","0.00%","0.00%","145.00%","130.00%","95.00%","130.00%","155.00%","100.00%",""
"P/EPS","-16.67","-6.01","-8.19","44.02","0.00","0.00","21.81","178.27","-13.78","-8.92","19.61","10.79","-"
"YoY %","-177.37%","26.62%","-118.61%","0.00%","0.00%","0.00%","-87.77%","1,393.69%","-54.48%","-145.49%","81.74%","-",""
"Horiz. %","-154.49%","-55.70%","-75.90%","407.97%","0.00%","0.00%","202.13%","1,652.18%","-127.71%","-82.67%","181.74%","100.00%",""
"EY","-6.00","-16.63","-12.21","2.27","0.00","0.00","4.59","0.56","-7.26","-11.22","5.10","9.27","-"
"YoY %","63.92%","-36.20%","-637.89%","0.00%","0.00%","0.00%","719.64%","107.71%","35.29%","-320.00%","-44.98%","-",""
"Horiz. %","-64.72%","-179.40%","-131.72%","24.49%","0.00%","0.00%","49.51%","6.04%","-78.32%","-121.04%","55.02%","100.00%",""
"DY","0.00","0.00","0.00","0.80","0.00","0.00","0.00","0.00","0.00","0.00","0.00","3.17","-"
"YoY %","0.00%","0.00%","0.00%","0.00%","0.00%","0.00%","0.00%","0.00%","0.00%","0.00%","0.00%","-",""
"Horiz. %","0.00%","0.00%","0.00%","25.24%","0.00%","0.00%","0.00%","0.00%","0.00%","0.00%","0.00%","100.00%",""
"P/NAPS","0.88","0.88","1.02","1.15","0.72","0.73","0.38","0.32","0.23","0.34","0.38","0.28","14.58%"
"YoY %","0.00%","-13.73%","-11.30%","59.72%","-1.37%","92.11%","18.75%","39.13%","-32.35%","-10.53%","35.71%","-",""
"Horiz. %","314.29%","314.29%","364.29%","410.71%","257.14%","260.71%","135.71%","114.29%","82.14%","121.43%","135.71%","100.00%",""

